"RivalsRank" "School" "Total" "5-Star" "4-Star" "3-Star" "AvgStar" "Points" "Year"
"1" "Alabama" 22 3 14 5 3.91 2632 2011
"1" "Alabama" 25 4 13 8 3.84 3166 2013
"1" "Alabama" 26 3 14 9 3.77 2621 2012
"1" "Alabama" 27 4 14 9 3.81 2786 2009
"1" "Alabama" 32 3 19 8 3.72 2836 2008
"1" "Florida" 27 4 16 7 3.89 2959 2007
"1" "LSU" 28 1 17 10 3.68 2626 2003
"1" "Texas" 28 6 15 5 3.89 2792 2002
"1" "USC" 20 4 11 5 3.95 2631 2005
"1" "USC" 20 5 14 1 4.2 3003 2010
"1" "USC" 20 8 7 3 4.05 2908 2004
"1" "USC" 26 5 14 6 3.81 3010 2006
"10" "Alabama" 25 0 10 12 3.28 1789 2007
"10" "Auburn" 21 0 13 8 3.62 1951 2012
"10" "Auburn" 25 1 14 7 3.52 2148 2006
"10" "Colorado" 31 1 7 19 3.16 2055 2002
"10" "Florida" 23 1 11 10 3.52 2065 2004
"10" "Florida State" 21 2 9 9 3.57 2352 2013
"10" "Florida State" 24 2 8 14 3.5 1953 2010
"10" "Georgia" 19 0 11 8 3.58 1814 2005
"10" "Michigan" 24 0 17 6 3.67 2220 2008
"10" "Notre Dame" 23 2 8 12 3.48 1976 2011
"10" "Tennessee" 21 2 9 10 3.62 2037 2009
"10" "Texas A&M" 24 1 5 17 3.25 1778 2003
"100" "Arkansas State" 27 0 0 6 2.22 90 2010
"100" "Ball State" 21 0 0 1 2.05 735 2013
"100" "Boise State" 20 0 0 2 2.1 660 2003
"100" "Cincinnati" 23 0 0 2 0.7 360 2002
"100" "East Carolina" 20 0 0 2 2.1 660 2003
"100" "Houston" 20 0 0 3 2.05 72 2008
"100" "Rice" 23 0 0 3 2.13 75 2007
"100" "San Jose State" 26 0 0 6 2.23 90 2010
"100" "UNLV" 24 0 0 6 2.25 90 2010
"100" "Western Michigan" 24 0 0 6 2.25 90 2010
"100" "Wyoming" 23 0 0 6 2.26 90 2010
"101" "Air Force" 32 0 0 2 2.07 720 2013
"101" "Air Force" 34 0 0 2 1.82 70 2008
"101" "Ball State" 21 0 0 2 2.1 70 2008
"101" "Bowling Green" 20 0 0 2 2.1 70 2007
"101" "Colorado State" 18 0 0 2 2.11 64 2005
"101" "Colorado State" 21 0 0 5 2.14 85 2009
"101" "Connecticut" 16 0 0 8 2.5 88 2011
"101" "Florida Atlantic" 21 0 0 2 2.1 70 2008
"101" "Idaho" 21 0 0 2 2.1 70 2008
"101" "Kent State" 26 0 0 2 2.08 70 2007
"101" "Marshall" 12 0 0 1 2.08 325 2002
"101" "New Mexico" 26 0 0 2 2 70 2007
"101" "New Mexico State" 21 0 0 5 2.14 85 2009
"101" "North Carolina State" 18 1 3 7 2.89 842 2004
"101" "UAB" 25 0 0 2 2.08 70 2008
"101" "Utah State" 21 0 0 2 2.1 70 2008
"102" "Idaho" 22 0 0 5 2.23 85 2011
"102" "Marshall" 18 0 0 4 2.22 650 2003
"102" "Miami (OH)" 12 0 0 0 2 300 2002
"102" "Missouri" 26 0 5 5 2.58 841 2004
"102" "Navy" 40 0 0 5 2.13 85 2011
"102" "North Texas" 21 0 0 5 2.24 85 2011
"102" "Ohio" 22 0 0 1 2.05 705 2013
"102" "Tulane" 19 0 0 1 2.05 62 2005
"102" "Tulane" 22 0 0 5 2.23 85 2011
"102" "Western Michigan" 17 0 0 2 2.12 705 2013
"102" "Western Michigan" 22 0 0 5 2.23 85 2011
"103" "Ball State" 21 0 0 0 2 60 2005
"103" "Bowling Green" 26 0 0 0 2 60 2005
"103" "Buffalo" 27 0 0 0 2 60 2005
"103" "Central Michigan" 27 0 0 0 2 60 2006
"103" "Connecticut" 14 0 0 1 1.57 275 2002
"103" "East Carolina" 23 0 0 0 2 60 2005
"103" "Eastern Michigan" 22 0 0 0 2 60 2006
"103" "Eastern Michigan" 23 0 0 0 2 60 2005
"103" "FIU" 24 0 0 0 2 60 2006
"103" "Florida Atlantic" 20 0 0 0 2 60 2006
"103" "Idaho" 24 0 0 0 2 60 2005
"103" "Louisiana-Lafayette" 11 0 0 0 2 275 2002
"103" "Louisiana-Monroe" 33 0 0 0 2 60 2005
"103" "Mississippi" 24 0 3 11 2.71 838 2004
"103" "New Mexico State" 23 0 0 0 2 60 2005
"103" "Northern Illinois" 20 0 0 1 2.05 645 2003
"103" "Ohio" 28 0 0 0 2 60 2005
"103" "San Diego State" 20 0 0 4 2.1 77 2009
"103" "Utah State" 22 0 0 0 2 60 2005
"103" "Western Michigan" 23 0 0 0 2 60 2006
"104" "Arizona State" 22 0 1 12 2.64 837 2004
"104" "Ball State" 24 0 0 3 2.13 75 2009
"104" "Central Michigan" 19 0 0 2 2.11 635 2003
"104" "Eastern Michigan" 21 0 0 0 2 635 2003
"104" "Eastern Michigan" 22 0 0 3 2.14 75 2009
"104" "Kent State" 21 0 0 2 2.1 690 2013
"104" "Middle Tennessee" 24 0 0 3 2.13 75 2009
"104" "North Texas" 20 0 0 3 2.15 75 2009
"104" "San Jose State" 19 0 0 3 2.05 69 2007
"104" "Utah State" 24 0 0 3 2.13 690 2013
"104" "Western Kentucky" 26 0 0 3 2.12 75 2009
"104" "Western Michigan" 21 0 0 0 2 635 2003
"104" "Wyoming" 21 0 0 2 2.1 690 2013
"105" "Colorado State" 25 0 0 1 1.96 65 2007
"105" "Houston" 25 0 0 2 2.08 830 2004
"105" "Idaho" 21 0 0 1 2.05 65 2007
"105" "Idaho" 29 0 0 0 1.93 830 2004
"105" "Rice" 9 0 0 0 2 225 2002
"105" "Rice" 16 0 0 8 2.5 88 2010
"105" "UAB" 25 0 0 1 2.04 65 2007
"106" "Ball State" 8 0 0 0 2 200 2002
"106" "Bowling Green" 19 0 0 5 2.26 82 2012
"106" "Bowling Green" 25 0 0 5 2.2 85 2010
"106" "Miami (OH)" 23 0 0 5 2.22 85 2010
"107" "Air Force" 30 0 0 4 2.13 80 2012
"107" "Akron" 23 0 0 4 2.17 80 2011
"107" "Arkansas State" 19 0 0 1 2.05 660 2013
"107" "Arkansas State" 26 0 0 1 2.04 65 2008
"107" "Army" 20 0 0 0 2 610 2003
"107" "Army" 34 0 0 1 2.04 660 2013
"107" "Central Michigan" 22 0 0 1 2.05 65 2008
"107" "Central Michigan" 26 0 0 4 2.15 80 2011
"107" "Louisiana Tech" 5 0 1 0 2.4 190 2002
"107" "Nevada" 24 0 0 4 2.17 80 2011
"107" "New Mexico State" 20 0 0 4 2.2 80 2011
"107" "Notre Dame" 18 0 3 9 2.83 820 2004
"107" "Temple" 21 0 0 4 2.19 80 2011
"107" "Western Michigan" 27 0 0 4 2.15 80 2012
"107" "Wyoming" 21 0 0 4 2.19 80 2012
"108" "Air Force" 6 0 0 0 2 150 2002
"108" "Air Force" 30 0 0 0 1.73 60 2007
"108" "Air Force" 35 0 0 4 2.06 80 2010
"108" "Army" 6 0 0 0 2 150 2002
"108" "Ball State" 21 0 0 4 2.19 80 2010
"108" "Brigham Young" 13 1 1 4 2.69 609 2003
"108" "Cincinnati" 19 0 0 1 1.95 59 2006
"108" "Louisiana-Monroe" 26 0 0 0 2 60 2007
"108" "Louisville" 24 0 1 1 2.04 818 2004
"108" "Middle Tennessee" 24 0 0 0 2 60 2007
"108" "Tulane" 26 0 0 0 1.92 60 2007
"108" "Utah State" 23 0 0 0 2 60 2007
"108" "Utah State" 27 0 0 4 2.15 80 2010
"109" "Army" 45 0 0 0 1.96 60 2008
"109" "Bowling Green" 23 0 0 2 2 70 2009
"109" "Buffalo" 20 0 0 0 2 60 2008
"109" "Buffalo" 23 0 0 2 2.09 70 2009
"109" "Duke" 14 0 0 8 2.57 585 2003
"109" "Idaho" 20 0 0 2 2.1 70 2009
"109" "Louisiana-Lafayette" 23 0 0 0 2 60 2008
"109" "Northern Illinois" 24 0 0 2 2.08 645 2013
"109" "Southern Methodist" 16 0 0 2 2.13 58 2006
"109" "Texas Tech" 26 1 4 7 2.69 807 2004
"109" "UNLV" 23 0 0 0 2 60 2008
"11" "Alabama" 23 2 10 11 3.61 2127 2006
"11" "Auburn" 26 1 6 17 3.23 1770 2003
"11" "California" 19 2 7 10 3.58 1875 2010
"11" "Florida" 16 3 9 4 3.94 2017 2009
"11" "Iowa" 23 1 7 11 3.22 1745 2005
"11" "LSU" 26 2 11 13 3.58 2134 2008
"11" "Ohio State" 23 1 9 12 3.43 1927 2011
"11" "Oklahoma" 18 3 8 6 3.72 2055 2004
"11" "Oklahoma" 25 1 11 13 3.52 1937 2012
"11" "Oregon" 29 0 12 12 3.24 1760 2007
"11" "South Carolina" 26 3 6 16 3.42 1972 2002
"11" "Texas A&M" 31 0 15 15 3.45 2332 2013
"110" "Ball State" 19 0 0 0 2 575 2003
"110" "FIU" 18 0 0 2 2.11 630 2013
"110" "Hawaii" 19 0 0 0 2 57 2006
"110" "Louisiana-Lafayette" 27 0 0 0 2 805 2004
"110" "Louisiana-Monroe" 22 0 0 0 1.73 57 2006
"110" "Miami (OH)" 22 0 0 3 2.14 630 2013
"110" "New Mexico" 26 0 0 1 2.04 805 2004
"110" "New Mexico State" 4 0 0 0 2 100 2002
"110" "North Texas" 3 0 0 1 2.33 100 2002
"110" "San Jose State" 27 0 0 0 2 805 2004
"110" "Toledo" 4 0 0 0 2 100 2002
"110" "UNLV" 17 0 0 5 2.29 76 2012
"111" "Louisiana-Monroe" 22 0 0 3 2.14 75 2012
"111" "Miami (OH)" 16 0 0 1 2.06 500 2003
"111" "Middle Tennessee" 21 0 0 3 2.14 75 2012
"111" "Navy" 22 0 0 4 1.91 77 2010
"111" "UAB" 25 0 0 3 2.12 75 2012
"111" "Wyoming" 17 0 0 0 2 500 2003
"112" "Army" 55 0 0 1 1.11 65 2009
"112" "Central Michigan" 20 0 0 3 2.15 75 2010
"112" "Louisiana-Monroe" 21 0 0 3 2.14 75 2011
"112" "Louisiana-Monroe" 23 0 0 3 2.13 75 2010
"112" "Louisiana-Monroe" 28 0 0 1 1.96 65 2009
"112" "Massachusetts" 22 0 0 1 2.05 615 2013
"112" "Northern Illinois" 17 0 0 1 2.06 56 2006
"112" "South Alabama" 22 0 0 3 2.14 615 2013
"112" "Temple" 28 0 0 1 2.04 65 2009
"112" "Troy" 22 0 0 3 2.14 75 2011
"112" "Tulane" 24 0 0 3 2.13 75 2010
"112" "Utah State" 22 0 0 1 2.05 65 2009
"113" "Louisiana-Lafayette" 18 0 0 1 2.06 59 2007
"113" "North Texas" 18 0 0 0 2 54 2006
"113" "North Texas" 18 0 0 1 2.06 59 2007
"113" "Rice" 18 0 0 1 2.06 59 2008
"113" "San Jose State" 12 0 0 1 2.08 41 2005
"113" "UCLA" 26 0 1 14 2.62 802 2004
"113" "UTEP" 4 0 0 0 1.5 75 2002
"113" "UTEP" 15 0 0 0 2 450 2003
"114" "Ball State" 20 0 0 2 2.1 70 2011
"114" "Eastern Michigan" 21 0 1 2 2.19 600 2013
"114" "Florida Atlantic" 24 0 0 2 2.08 70 2011
"114" "Idaho" 17 0 0 3 2.18 66 2012
"114" "Kent State" 17 0 0 0 1.88 48 2006
"114" "Miami (OH)" 13 0 0 0 2 39 2005
"114" "Ohio" 14 0 0 0 2 350 2003
"114" "South Carolina" 28 0 3 11 2.61 799 2004
"114" "Troy" 2 0 0 0 2 60 2002
"114" "Tulane" 19 0 0 0 2 57 2008
"114" "UNLV" 20 0 0 2 2.11 600 2013
"114" "UTEP" 21 0 0 2 2.1 70 2011
"115" "Air Force" 16 0 0 0 1.5 36 2005
"115" "Army" 23 0 0 0 1.65 57 2007
"115" "Ball State" 24 0 0 1 2.04 65 2012
"115" "Buffalo" 20 0 0 0 1.9 57 2007
"115" "Buffalo" 20 0 0 3 2.05 72 2010
"115" "Massachusetts" 23 0 0 1 2.04 65 2012
"115" "New Mexico State" 11 0 0 2 2.18 335 2003
"115" "New Mexico State" 17 0 0 0 1.76 45 2006
"115" "Northern Illinois" 19 0 0 0 2 57 2007
"115" "Ohio" 2 0 0 0 2 50 2002
"115" "San Jose State" 16 0 0 1 2.06 53 2008
"115" "Troy" 26 0 0 1 1.96 790 2004
"115" "Utah State" 15 0 0 4 2.27 65 2012
"116" "Air Force" 17 0 0 0 1.65 42 2006
"116" "Bowling Green" 17 0 0 0 2 51 2008
"116" "Duke" 24 0 0 2 2.08 785 2004
"116" "Eastern Michigan" 24 0 0 2 2.08 70 2010
"116" "Kent State" 1 0 0 0 2 25 2002
"116" "Middle Tennessee" 14 0 0 0 2 42 2006
"116" "Navy" 9 0 0 0 2 27 2005
"116" "Navy" 12 0 0 0 2 300 2003
"116" "Nevada" 16 0 0 3 2.19 63 2009
"116" "New Mexico State" 17 0 0 0 2 51 2008
"116" "New Mexico State" 18 0 0 2 2.11 570 2013
"117" "Air Force" 9 0 0 0 2 225 2003
"117" "Akron" 17 0 0 2 2.12 540 2013
"117" "Army" 4 0 0 0 2 12 2005
"117" "Army" 48 0 0 1 1.19 65 2010
"117" "Ball State" 26 0 0 0 2 780 2004
"117" "Buffalo" 19 0 0 2 2.11 67 2011
"117" "Louisiana-Lafayette" 23 0 0 1 2.04 65 2010
"117" "North Texas" 18 0 0 0 2 540 2013
"117" "Southern Miss" 22 0 0 5 2.14 780 2004
"117" "Syracuse" 14 0 0 4 2.29 62 2009
"118" "Air Force" 21 0 0 0 1.9 60 2009
"118" "Akron" 21 0 0 0 2 60 2012
"118" "Army" 46 0 0 1 1.98 65 2011
"118" "Florida Atlantic" 17 0 0 1 2.06 56 2007
"118" "Massachusetts" 2 0 0 1 2.5 11 2005
"118" "Navy" 11 0 0 1 1.18 39 2006
"118" "Navy" 19 0 0 0 1.68 48 2008
"119" "Army" 19 0 0 0 1.05 30 2006
"119" "Buffalo" 18 0 0 1 2.06 59 2012
"119" "Eastern Michigan" 19 0 0 1 2.05 62 2011
"119" "Louisiana-Lafayette" 18 0 0 1 2.06 59 2009
"119" "Louisiana-Monroe" 15 0 0 0 2 525 2013
"119" "Marshall" 23 0 0 2 2.09 770 2004
"119" "Navy" 12 0 0 0 1.33 24 2007
"119" "Northern Illinois" 13 0 0 0 2 39 2008
"119" "Ohio" 17 0 0 1 2.06 56 2010
"12" "Clemson" 26 1 13 8 3.42 2113 2008
"12" "Florida" 19 0 11 8 3.58 1851 2011
"12" "Georgia" 19 2 6 10 3.47 1775 2012
"12" "Georgia" 33 0 16 17 3.48 2226 2013
"12" "Michigan" 20 2 5 12 3.4 1750 2007
"12" "Notre Dame" 22 2 6 13 3.41 1756 2003
"12" "Ohio State" 18 1 9 6 3.5 1654 2005
"12" "Ohio State" 20 2 8 10 3.6 2000 2006
"12" "Penn State" 20 0 12 7 3.55 1852 2010
"12" "South Carolina" 29 0 14 11 3.34 1952 2009
"12" "USC" 19 8 6 3 4.05 1974 2004
"12" "Virginia" 26 3 7 13 3.38 1967 2002
"120" "Colorado State" 12 0 0 3 2.25 51 2012
"120" "Florida Atlantic" 11 0 0 1 2.09 38 2010
"120" "Massachusetts" 2 0 0 0 1 3 2006
"120" "Massachusetts" 9 0 0 1 0.33 8 2007
"120" "Massachusetts" 10 0 0 2 1 22 2008
"120" "Miami (OH)" 17 0 0 2 2.12 61 2011
"120" "Navy" 28 0 0 0 1.21 51 2009
"120" "UNLV" 23 0 0 2 2.09 760 2004
"120" "UTEP" 17 0 0 1 2.06 510 2013
"121" "Fresno State" 9 0 0 4 2.44 47 2012
"121" "Idaho" 22 0 0 1 2.05 450 2013
"121" "Massachusetts" 2 0 0 1 1.5 8 2010
"121" "Massachusetts" 7 0 0 1 1.57 20 2009
"121" "Massachusetts" 9 0 0 1 1.44 23 2011
"121" "North Carolina" 24 0 3 8 2.58 749 2004
"122" "Army" 3 0 0 1 2.33 14 2012
"122" "Buffalo" 18 0 0 1 2.06 405 2013
"122" "San Jose State" 18 0 0 0 2 405 2013
"122" "UAB" 22 0 0 3 2.14 745 2004
"123" "Oklahoma State" 19 0 3 7 2.68 713 2004
"124" "Miami (OH)" 24 0 0 0 1.96 710 2004
"124" "Toledo" 24 0 0 0 1.96 710 2004
"126" "Northern Illinois" 22 0 0 1 2.05 705 2004
"127" "Iowa" 20 1 1 7 2.6 701 2004
"128" "UCF" 22 0 0 1 2.05 695 2004
"128" "Western Michigan" 22 0 0 1 2.05 695 2004
"13" "Auburn" 21 1 7 10 3.19 1596 2005
"13" "Florida" 23 1 11 10 3.52 1945 2004
"13" "Michigan" 19 2 9 7 3.63 1974 2006
"13" "Nebraska" 27 0 10 16 3.33 1734 2007
"13" "North Carolina" 26 0 7 16 3.15 1748 2003
"13" "Oklahoma" 23 0 11 11 3.43 1830 2009
"13" "Oregon" 23 1 10 9 3.39 1851 2010
"13" "Tennessee" 27 0 12 14 3.41 1811 2011
"13" "UCLA" 23 0 12 11 3.52 1924 2008
"13" "UCLA" 26 1 8 14 3.27 1731 2012
"13" "USC" 12 5 7 0 4.42 2193 2013
"13" "USC" 22 0 15 5 3.5 1947 2002
"130" "Wisconsin" 23 0 1 9 2.48 693 2004
"131" "Virginia" 19 0 3 8 2.74 691 2004
"132" "Vanderbilt" 20 0 0 2 2.1 685 2004
"133" "Hawaii" 20 0 0 3 2.05 680 2004
"134" "Akron" 22 0 0 0 2 670 2004
"134" "Eastern Michigan" 22 0 0 0 2 670 2004
"134" "Louisiana-Monroe" 22 0 0 0 2 670 2004
"137" "Wyoming" 21 0 0 1 2.05 660 2004
"138" "Virginia Tech" 19 0 3 8 2.74 641 2004
"139" "Baylor" 20 0 0 1 2.05 635 2004
"139" "Ohio" 21 0 0 0 2 635 2004
"139" "Wake Forest" 18 0 0 3 2.17 635 2004
"14" "California" 29 0 4 20 2.97 1700 2003
"14" "Clemson" 20 0 9 11 3.45 1680 2012
"14" "Clemson" 23 0 10 10 3.3 2131 2013
"14" "Kansas State" 31 2 4 20 3.1 1929 2002
"14" "Miami (FL)" 22 0 11 8 3.36 1785 2006
"14" "Michigan" 22 1 12 8 3.59 1936 2004
"14" "Notre Dame" 23 0 10 12 3.39 1618 2010
"14" "Oklahoma" 17 2 7 8 3.65 1722 2011
"14" "Oklahoma" 21 1 9 8 3.38 1704 2007
"14" "Texas" 20 0 12 7 3.55 1919 2008
"14" "UCLA" 27 0 11 14 3.33 1752 2009
"14" "Virginia Tech" 25 1 5 14 3.08 1581 2005
"142" "Iowa State" 28 0 1 10 2.43 626 2004
"143" "North Texas" 18 0 0 2 2.11 610 2004
"143" "Southern Methodist" 19 0 0 1 2.05 610 2004
"145" "Bowling Green" 18 0 0 1 2.06 585 2004
"145" "Cincinnati" 18 0 0 1 2.06 585 2004
"147" "Buffalo" 18 0 0 0 2 550 2004
"148" "Stanford" 12 0 2 3 2.58 545 2004
"149" "South Florida" 24 0 2 7 2.46 529 2004
"15" "Colorado" 21 1 7 9 3.24 1510 2008
"15" "Florida" 18 0 8 9 3.39 1467 2005
"15" "Georgia" 19 0 9 9 3.42 1581 2010
"15" "LSU" 26 1 10 9 3.23 1871 2002
"15" "Miami (FL)" 19 1 9 8 3.53 1693 2009
"15" "Michigan State" 31 0 6 17 2.94 1921 2004
"15" "Mississippi" 30 2 7 15 3.17 1743 2006
"15" "Nebraska" 19 0 11 7 3.53 1698 2011
"15" "Ohio State" 15 0 12 3 3.8 1577 2007
"15" "Oklahoma" 24 0 7 14 3.17 2068 2013
"15" "Oklahoma State" 31 0 4 17 2.81 1677 2003
"15" "Texas" 18 1 11 6 3.72 1677 2003
"15" "Texas A&M" 19 1 6 12 3.42 1647 2012
"150" "Arizona" 25 0 1 9 2.44 514 2004
"151" "Northwestern" 15 0 0 2 2.13 510 2004
"152" "Central Michigan" 17 0 0 0 2 500 2004
"152" "Nevada" 17 0 0 0 2 500 2004
"154" "Kentucky" 27 0 1 10 2.44 490 2004
"155" "San Diego State" 23 0 2 5 2.39 488 2004
"156" "New Mexico State" 16 0 0 0 2 475 2004
"157" "Rice" 16 0 0 0 1.94 460 2004
"158" "West Virginia" 22 0 1 7 2.41 450 2004
"159" "Air Force" 17 0 0 2 1.65 445 2004
"16" "Arkansas" 31 1 8 20 3.26 1678 2009
"16" "Clemson" 20 2 6 10 3.4 1741 2006
"16" "Clemson" 23 0 8 12 3.22 1555 2007
"16" "Maryland" 24 1 4 15 3.08 1433 2005
"16" "Miami (FL)" 29 1 6 18 3.14 1575 2010
"16" "Michigan" 22 1 11 9 3.55 1819 2002
"16" "North Carolina" 25 0 9 14 3.28 1661 2011
"16" "Ohio State" 25 1 9 10 3.24 1913 2004
"16" "Oregon" 21 0 10 9 3.38 1641 2012
"16" "South Carolina" 21 0 8 13 3.38 1962 2013
"16" "Texas A&M" 24 0 7 14 3.17 1482 2008
"160" "Pittsburgh" 24 0 1 6 2.25 433 2004
"161" "Colorado" 19 0 1 8 2.53 431 2004
"162" "Illinois" 24 0 1 5 2.29 406 2004
"163" "Kansas" 19 0 0 8 2.42 404 2004
"164" "Rutgers" 21 0 1 5 2.33 392 2004
"165" "Clemson" 24 0 1 7 2.38 364 2004
"166" "Syracuse" 32 0 0 9 2.22 361 2004
"167" "Fresno State" 14 0 0 0 2 350 2004
"167" "Kent State" 14 0 0 0 2 350 2004
"169" "TCU" 21 0 1 6 2.38 349 2004
"17" "California" 22 0 10 12 3.45 1646 2011
"17" "Clemson" 25 0 6 15 3.08 1431 2005
"17" "Michigan" 17 2 11 3 3.82 1667 2003
"17" "Michigan State" 23 0 10 10 3.3 1675 2009
"17" "Minnesota" 30 0 7 18 3.07 1395 2008
"17" "Mississippi State" 30 3 5 8 2.9 1813 2002
"17" "Nebraska" 25 0 5 19 3.16 1921 2013
"17" "North Carolina" 24 2 4 12 3 1510 2007
"17" "Oregon" 29 1 7 13 3.03 1901 2004
"17" "Tennessee" 21 0 10 9 3.38 1595 2012
"17" "Texas A&M" 24 0 9 13 3.29 1572 2010
"17" "UCLA" 22 0 7 13 3.23 1544 2006
"170" "Georgia Tech" 23 0 1 3 2.22 347 2004
"171" "Stanford" 12 0 2 3 2.58 332 2004
"172" "UTEP" 13 0 0 0 2 325 2004
"173" "Navy" 13 0 0 0 1.85 300 2004
"174" "Minnesota" 24 0 0 6 2.25 298 2004
"175" "Indiana" 25 0 0 6 2.24 266 2004
"176" "Tulane" 24 0 0 4 2.17 255 2004
"177" "Utah" 25 0 1 4 2.24 239 2004
"178" "Memphis" 24 0 1 3 2.21 230 2004
"178" "Mississippi State" 22 0 1 3 2.23 230 2004
"18" "Alabama" 32 0 6 21 3.03 1424 2005
"18" "Arizona" 25 1 6 17 3.28 1530 2006
"18" "Arizona State" 31 1 5 15 2.9 1745 2002
"18" "Georgia Tech" 20 0 8 10 3.3 1453 2007
"18" "LSU" 22 0 9 12 3.36 1567 2012
"18" "Mississippi" 25 0 8 16 3.28 1554 2010
"18" "Mississippi" 37 1 8 22 3.11 1628 2009
"18" "South Carolina" 32 1 6 25 3.25 1638 2011
"18" "Tennessee" 22 1 7 11 3.27 1634 2003
"18" "Texas" 20 1 9 9 3.5 1864 2004
"18" "Virginia Tech" 31 0 6 22 3.1 1375 2008
"18" "Washington" 22 0 7 15 3.32 1906 2013
"180" "Louisville" 23 0 1 1 2.13 222 2004
"181" "Houston" 26 0 0 2 2.08 186 2004
"182" "Vanderbilt" 19 0 0 2 2.11 179 2004
"183" "Southern Miss" 23 0 0 5 2.22 166 2004
"183" "Tulsa" 26 0 0 5 2.19 166 2004
"185" "Utah State" 24 0 1 2 2.17 155 2004
"186" "Army" 9 0 0 0 1.33 150 2004
"187" "Duke" 24 0 0 2 2.08 131 2004
"187" "Marshall" 23 0 0 2 2.09 131 2004
"189" "North Texas" 18 0 0 2 2.11 120 2004
"19" "Auburn" 28 0 9 16 3.21 1599 2009
"19" "California" 20 0 9 8 3.3 1512 2006
"19" "Clemson" 23 0 9 13 3.35 1551 2010
"19" "Colorado" 25 0 5 18 3.12 1631 2003
"19" "Miami (FL)" 19 1 7 8 3.21 1452 2007
"19" "Mississippi" 27 1 5 21 3.26 1573 2011
"19" "Ohio State" 24 1 9 9 3.25 1807 2004
"19" "Oregon" 20 0 8 9 3.25 1356 2008
"19" "South Carolina" 25 0 8 15 3.24 1534 2012
"19" "Vanderbilt" 26 0 5 20 3.15 1870 2013
"19" "Virginia" 22 1 5 12 3.14 1417 2005
"19" "Washington" 21 1 9 10 3.48 1673 2002
"190" "Northern Illinois" 22 0 0 1 2.05 119 2004
"190" "Troy" 25 0 0 1 2.04 119 2004
"190" "Western Michigan" 21 0 0 1 2.05 119 2004
"193" "Southern Methodist" 19 0 0 1 2.05 113 2004
"194" "Bowling Green" 18 0 0 1 2.06 108 2004
"195" "Northwestern" 15 0 0 2 2.13 104 2004
"196" "Brigham Young" 27 0 0 8 2.3 100 2004
"197" "Cincinnati" 16 0 0 1 2.06 97 2004
"198" "East Carolina" 28 0 0 5 2.18 85 2004
"199" "Middle Tennessee" 30 0 1 3 2.17 84 2004
"2" "Florida" 26 5 9 10 3.65 2358 2003
"2" "Florida" 27 4 17 5 3.89 2901 2006
"2" "Florida" 28 4 18 5 3.89 2938 2010
"2" "Florida State" 22 3 13 5 3.82 2582 2005
"2" "Florida State" 29 2 13 13 3.55 2365 2011
"2" "LSU" 24 4 11 9 3.79 2581 2009
"2" "LSU" 28 3 12 10 3.54 2492 2004
"2" "Notre Dame" 23 3 16 4 3.96 2744 2008
"2" "Ohio State" 24 2 16 6 3.83 2903 2013
"2" "Tennessee" 25 5 16 2 3.96 2534 2002
"2" "Texas" 28 2 15 10 3.64 2481 2012
"2" "USC" 18 6 10 2 4.22 2761 2007
"20" "Auburn" 29 2 4 16 3.03 1335 2008
"20" "Florida" 23 1 8 9 3.22 1672 2002
"20" "Illinois" 23 2 5 11 3 1448 2007
"20" "Michigan" 27 0 6 20 3.19 1479 2010
"20" "Nebraska" 22 1 5 15 3.27 1432 2006
"20" "Notre Dame" 17 1 8 7 3.53 1521 2012
"20" "Stanford" 22 0 8 12 3.27 1583 2009
"20" "Tennessee" 21 0 5 15 3.19 1820 2013
"20" "Tennessee" 24 2 8 8 3.25 1781 2004
"20" "Texas" 15 0 9 6 3.6 1409 2005
"20" "Texas A&M" 28 0 8 10 2.93 1781 2004
"20" "Texas Tech" 27 0 6 19 3.15 1457 2011
"20" "Virginia" 22 1 7 11 3.27 1627 2003
"200" "Colorado State" 27 0 0 4 2.15 80 2004
"201" "Florida Atlantic" 2 0 0 1 2.5 75 2004
"201" "UAB" 21 0 0 3 2.14 75 2004
"203" "Boise State" 27 0 0 2 2.07 70 2004
"203" "UNLV" 23 0 0 2 2.09 70 2004
"205" "Arkansas State" 28 0 0 1 2.04 65 2004
"205" "Baylor" 20 0 0 1 2.05 65 2004
"205" "Connecticut" 28 0 0 1 2.04 65 2004
"205" "Louisiana Tech" 29 0 0 1 2.03 65 2004
"205" "New Mexico" 26 0 0 1 2.04 65 2004
"205" "Temple" 30 0 0 1 2.03 65 2004
"205" "UCF" 22 0 0 1 2.05 65 2004
"205" "Wyoming" 21 0 0 1 2.05 65 2004
"21" "Arizona" 24 0 7 14 3.17 1395 2005
"21" "Arizona State" 27 0 6 19 3.15 1328 2008
"21" "Florida State" 19 1 8 10 3.53 1617 2003
"21" "Florida State" 20 0 7 10 3.2 1394 2007
"21" "Michigan" 20 0 6 13 3.25 1314 2011
"21" "Missouri" 23 0 7 16 3.3 1446 2010
"21" "Notre Dame" 18 1 9 5 3.44 1564 2009
"21" "Oregon" 19 1 7 7 3.26 1778 2013
"21" "Penn State" 22 0 11 8 3.36 1665 2002
"21" "Pittsburgh" 26 0 7 14 3.08 1412 2006
"21" "Washington" 25 1 5 14 3.08 1452 2012
"213" "Wake Forest" 16 0 0 3 2.19 63 2004
"214" "Hawaii" 8 0 0 2 2 61 2004
"215" "Akron" 22 0 0 0 2 60 2004
"215" "Ball State" 26 0 0 0 2 60 2004
"215" "Eastern Michigan" 22 0 0 0 2 60 2004
"215" "Idaho" 28 0 0 0 2 60 2004
"215" "Louisiana-Lafayette" 27 0 0 0 2 60 2004
"215" "Louisiana-Monroe" 21 0 0 0 2 60 2004
"215" "Miami (OH)" 24 0 0 0 1.96 60 2004
"215" "Ohio" 21 0 0 0 2 60 2004
"215" "San Jose State" 26 0 0 0 2 60 2004
"215" "Toledo" 23 0 0 0 2 60 2004
"215" "Western Kentucky" 3 0 0 0 1.67 60 2004
"22" "Arizona State" 23 1 4 16 3.17 1613 2003
"22" "California" 26 0 5 18 3 1378 2007
"22" "Clemson" 26 0 9 9 3.04 1635 2002
"22" "LSU" 13 1 7 5 3.69 1335 2005
"22" "Nebraska" 21 0 8 10 3.24 1407 2010
"22" "Oklahoma State" 29 0 6 18 3.03 1330 2006
"22" "South Carolina" 22 0 6 14 3.18 1322 2008
"22" "Stanford" 19 0 7 11 3.32 1311 2011
"22" "Tennessee" 24 2 8 8 3.25 1748 2004
"22" "Texas A&M" 28 1 4 21 3.14 1403 2009
"22" "Virginia Tech" 19 1 3 15 3.26 1758 2013
"22" "Virginia Tech" 28 0 7 19 3.18 1429 2012
"226" "Buffalo" 19 0 0 0 2 57 2004
"227" "Central Michigan" 17 0 0 0 2 51 2004
"227" "Nevada" 17 0 0 0 2 51 2004
"229" "FIU" 2 0 0 0 2 50 2004
"23" "California" 19 0 7 10 3.26 1316 2012
"23" "Georgia" 20 1 10 8 3.55 1742 2004
"23" "Illinois" 28 0 6 16 3 1293 2008
"23" "South Carolina" 28 0 6 15 2.96 1310 2005
"23" "Tennessee" 22 1 4 13 3.09 1245 2006
"23" "Texas" 15 0 9 6 3.6 1737 2013
"23" "Texas A&M" 23 1 6 12 3.17 1615 2002
"23" "Virginia Tech" 20 0 5 15 3.25 1350 2010
"23" "Virginia Tech" 22 0 5 14 3.09 1357 2009
"23" "Washington" 23 0 5 15 3.09 1300 2011
"23" "Washington" 27 0 2 22 2.96 1611 2003
"23" "West Virginia" 28 1 4 16 2.96 1367 2007
"230" "New Mexico State" 16 0 0 0 2 48 2004
"231" "Massachusetts" 3 0 0 0 1.33 45 2004
"232" "Fresno State" 14 0 0 0 2 42 2004
"232" "Rice" 14 0 0 0 2 42 2004
"234" "Kent State" 13 0 0 0 2 39 2004
"234" "UTEP" 13 0 0 0 2 39 2004
"236" "Air Force" 12 0 0 1 1.67 33 2004
"237" "Navy" 10 0 0 0 2 30 2004
"238" "Army" 3 0 0 0 1.33 6 2004
"239" "Massachusetts" 3 0 0 0 1.33 5 2004
"24" "Alabama" 29 0 4 18 2.9 1739 2004
"24" "Arkansas" 24 1 3 15 3 1293 2005
"24" "Arkansas" 30 0 4 24 3.07 1189 2011
"24" "Boston College" 24 0 3 20 3.08 1529 2003
"24" "Notre Dame" 18 0 12 4 3.56 1570 2002
"24" "Penn State" 21 0 8 8 3.14 1305 2007
"24" "Penn State" 27 0 7 12 2.96 1335 2009
"24" "Rutgers" 19 1 4 13 3.26 1296 2012
"24" "South Carolina" 23 1 5 11 3.04 1342 2010
"24" "South Carolina" 24 0 6 14 3.08 1236 2006
"24" "Washington" 26 0 5 14 2.92 1255 2008
"24" "West Virginia" 28 0 2 22 2.96 1722 2013
"25" "Arizona" 29 0 4 14 2.76 1523 2002
"25" "Arkansas" 24 0 6 13 3.04 1523 2002
"25" "Mississippi State" 21 1 2 16 3.1 1712 2013
"25" "Mississippi State" 27 0 7 17 3.15 1332 2009
"25" "Missouri" 23 1 2 16 3 1214 2008
"25" "Nebraska" 17 0 6 11 3.35 1257 2012
"25" "Ohio State" 19 0 8 9 3.32 1327 2010
"25" "Oklahoma" 18 3 8 6 3.72 1687 2004
"25" "Oklahoma State" 28 1 3 14 2.82 1523 2002
"25" "Penn State" 19 2 2 10 3.05 1152 2005
"25" "Stanford" 25 0 5 10 2.8 1482 2003
"25" "Texas Tech" 34 0 4 22 2.88 1194 2006
"25" "Virginia" 24 0 7 11 3.04 1267 2007
"25" "Virginia" 26 0 5 17 3.04 1144 2011
"26" "Arkansas" 23 0 4 14 2.96 1691 2013
"26" "Maryland" 26 0 6 16 3.08 1266 2009
"26" "Oklahoma State" 27 0 6 16 3.04 1211 2008
"26" "Oregon" 24 0 5 13 2.96 1450 2003
"26" "Pittsburgh" 24 0 6 13 3.04 1265 2007
"26" "Stanford" 23 0 5 16 3.13 1314 2010
"26" "TCU" 25 0 2 23 3.08 1122 2011
"26" "Texas" 20 1 9 9 3.5 1682 2004
"26" "Texas A&M" 23 0 4 16 3.04 1183 2006
"26" "Texas Tech" 26 0 3 21 3.04 1139 2012
"26" "UCLA" 21 1 3 12 3 1107 2005
"27" "Arkansas" 26 1 4 14 2.96 1172 2006
"27" "Arkansas" 32 0 4 15 2.72 1665 2004
"27" "Kansas State" 32 0 4 22 2.94 1194 2008
"27" "Mississippi" 22 0 6 12 3.09 1203 2007
"27" "North Carolina State" 23 0 5 9 2.83 1077 2005
"27" "Texas A&M" 22 0 3 15 2.95 1098 2011
"27" "Virginia" 22 1 2 15 3 1660 2013
"27" "Virginia" 26 0 4 16 2.92 1126 2012
"27" "Virginia Tech" 24 0 6 10 2.92 1445 2003
"27" "West Virginia" 20 0 5 13 3.15 1281 2010
"27" "West Virginia" 25 0 6 15 3.08 1234 2009
"28" "Arizona State" 24 0 5 15 3.04 1163 2006
"28" "Iowa" 22 0 5 11 2.95 1167 2007
"28" "Miami (FL)" 17 0 8 8 3.41 1656 2013
"28" "Missouri" 22 0 4 14 3 1410 2003
"28" "Nebraska" 20 0 5 15 3.25 1233 2009
"28" "Oklahoma State" 27 0 2 22 2.96 1096 2011
"28" "Oregon" 23 1 2 13 2.87 1049 2005
"28" "Oregon" 30 1 7 13 3 1649 2004
"28" "Pittsburgh" 19 1 5 9 3.16 1179 2008
"28" "Utah" 28 0 5 19 3.04 1088 2012
"28" "Washington" 31 0 5 24 3.1 1214 2010
"28" "Washington State" 29 1 4 8 2.66 1441 2002
"29" "Arkansas" 25 0 3 14 2.8 1400 2003
"29" "Kentucky" 22 0 3 17 3.05 1641 2013
"29" "Louisville" 20 0 4 15 3.15 1086 2011
"29" "Maryland" 22 1 6 7 3 1149 2006
"29" "Mississippi" 31 1 2 15 2.71 1165 2008
"29" "Missouri" 22 0 6 12 3.09 1388 2002
"29" "North Carolina" 21 0 4 16 3.14 1195 2010
"29" "Penn State" 25 2 2 15 3 1608 2004
"29" "Purdue" 21 1 3 12 3 967 2005
"29" "South Florida" 30 0 6 18 3 1197 2009
"29" "Vanderbilt" 22 0 3 19 3.14 1069 2012
"29" "Virginia Tech" 26 1 2 14 2.73 1160 2007
"3" "Florida" 22 4 12 4 3.82 2600 2008
"3" "Florida" 23 3 11 8 3.7 2421 2012
"3" "Florida State" 31 2 18 10 3.68 2703 2006
"3" "Georgia" 29 1 18 8 3.62 2447 2002
"3" "LSU" 26 3 12 10 3.65 2402 2004
"3" "Notre Dame" 24 4 14 6 3.92 2893 2013
"3" "Ohio State" 25 2 15 8 3.76 2478 2009
"3" "Oklahoma" 27 2 14 10 3.63 2441 2005
"3" "Tennessee" 32 5 11 15 3.63 2726 2007
"3" "Texas" 22 1 15 6 3.77 2322 2011
"3" "Texas" 25 2 19 4 3.92 2728 2010
"3" "USC" 28 2 10 14 3.43 2327 2003
"30" "Alabama" 20 1 4 13 3.2 1365 2002
"30" "Arizona State" 22 1 4 12 2.95 1173 2009
"30" "Baylor" 22 0 3 15 2.95 1618 2013
"30" "Illinois" 26 1 2 13 2.77 1399 2003
"30" "Illinois" 27 0 6 12 2.89 1148 2006
"30" "Iowa" 24 0 4 16 3 1065 2011
"30" "Iowa State" 26 0 6 8 2.77 1365 2002
"30" "Michigan State" 22 1 4 12 3.05 1193 2010
"30" "Mississippi" 27 1 2 8 2.56 887 2005
"30" "Mississippi State" 28 0 4 21 3.04 1056 2012
"30" "Nebraska" 28 1 2 20 2.96 1159 2008
"30" "North Carolina" 28 0 6 14 2.93 1148 2006
"30" "Oklahoma State" 23 0 4 16 3.04 1143 2007
"30" "Purdue" 28 0 4 14 2.79 1579 2004
"31" "Arkansas" 27 0 4 17 2.93 1083 2007
"31" "California" 26 0 3 19 2.96 1600 2013
"31" "Kansas" 25 0 4 19 3.08 1155 2009
"31" "Michigan State" 21 0 2 17 3 1028 2011
"31" "Missouri" 19 1 1 16 3.11 1037 2012
"31" "North Carolina State" 25 0 6 10 2.88 1151 2008
"31" "Oklahoma State" 27 0 5 22 3.19 1170 2010
"31" "Oregon State" 36 0 2 17 2.39 1575 2004
"31" "Purdue" 26 0 3 12 2.69 1361 2003
"31" "West Virginia" 33 1 0 13 2.48 867 2005
"32" "Arizona State" 22 0 1 16 2.82 774 2005
"32" "Colorado" 28 1 2 14 2.68 1081 2007
"32" "Kansas State" 26 0 5 11 2.81 1510 2004
"32" "Maryland" 21 1 2 15 3.05 1350 2003
"32" "Maryland" 22 1 4 10 2.95 1589 2013
"32" "Michigan State" 20 0 6 10 3.1 1361 2002
"32" "North Carolina" 19 0 7 8 3.16 1120 2008
"32" "Oklahoma State" 24 0 3 17 2.96 1015 2012
"32" "Oregon" 26 0 4 16 2.92 1126 2009
"32" "Rutgers" 24 0 4 15 2.96 1014 2011
"32" "Utah" 22 0 4 16 3.09 1156 2010
"32" "Virginia Tech" 22 0 5 12 3 1122 2006
"33" "Arizona" 26 0 2 16 2.77 1340 2003
"33" "Arizona State" 24 0 3 18 3 1582 2013
"33" "Boston College" 29 0 3 18 2.83 1081 2008
"33" "Michigan State" 28 0 7 7 2.54 1112 2006
"33" "Mississippi" 18 1 8 7 3.44 1360 2002
"33" "Mississippi State" 27 0 3 9 2.56 767 2005
"33" "Missouri" 27 0 4 16 2.89 1059 2007
"33" "Pittsburgh" 24 0 4 19 3.13 1144 2010
"33" "Purdue" 26 0 2 22 3 1005 2012
"33" "Texas A&M" 28 0 8 10 2.93 1501 2004
"33" "Texas Tech" 25 0 5 15 3 1110 2009
"33" "Virginia" 25 0 5 11 2.84 1110 2009
"33" "Virginia Tech" 21 0 4 14 3.05 928 2011
"33" "Wisconsin" 23 0 2 13 2.74 767 2005
"34" "Arkansas" 24 0 2 21 3.04 1001 2012
"34" "California" 21 0 5 12 3.05 1070 2008
"34" "Kansas" 27 0 2 21 2.93 899 2011
"34" "Louisville" 25 0 4 15 2.92 975 2006
"34" "North Carolina State" 19 1 4 9 3.05 1092 2010
"34" "North Carolina State" 24 1 4 7 2.75 1338 2002
"34" "Penn State" 25 2 2 15 3 1430 2004
"34" "Pittsburgh" 26 0 0 19 2.73 1315 2003
"34" "Pittsburgh" 27 1 2 15 2.81 1568 2013
"34" "Wisconsin" 18 1 3 10 3.06 1056 2007
"35" "Arizona State" 26 0 5 17 3.04 1083 2010
"35" "Illinois" 23 0 7 8 2.78 1092 2009
"35" "Louisville" 31 0 2 8 2.39 1303 2003
"35" "Maryland" 22 0 4 14 3 1328 2002
"35" "Maryland" 23 1 2 14 2.91 975 2012
"35" "Maryland" 26 1 3 13 2.85 1024 2007
"35" "Michigan State" 24 0 1 16 2.75 762 2005
"35" "Oklahoma State" 23 0 3 17 3 1564 2013
"35" "Penn State" 16 0 5 8 3.13 890 2011
"35" "Tennessee" 18 0 4 11 3.06 1027 2008
"35" "Washington" 22 0 4 10 2.82 891 2006
"35" "Washington State" 27 0 4 9 2.63 1416 2004
"36" "Arkansas" 25 0 6 10 2.88 1015 2008
"36" "Brigham Young" 24 2 3 6 2.75 1268 2002
"36" "Colorado" 27 0 2 20 2.89 965 2012
"36" "Kansas State" 21 0 3 13 2.9 740 2005
"36" "Kentucky" 30 0 3 10 2.53 829 2006
"36" "Maryland" 21 0 4 15 3.1 1058 2010
"36" "Maryland" 22 0 5 11 2.95 1409 2004
"36" "Miami (FL)" 16 0 2 13 3.06 855 2011
"36" "Oklahoma State" 24 0 5 13 2.96 1049 2009
"36" "TCU" 22 0 1 17 2.9 1560 2013
"36" "UCLA" 19 0 6 9 3.11 1299 2003
"36" "Washington" 27 0 3 16 2.81 982 2007
"37" "Arizona" 23 0 4 16 3.04 1036 2010
"37" "Arizona" 25 0 2 18 2.88 1548 2013
"37" "Auburn" 29 0 4 10 2.48 1391 2004
"37" "Boston College" 20 0 2 13 2.85 794 2006
"37" "Clemson" 12 0 7 4 3.5 1019 2009
"37" "Minnesota" 26 0 2 14 2.69 1293 2003
"37" "Rutgers" 23 0 3 15 2.83 950 2007
"37" "Southern Miss" 27 1 2 14 2.78 998 2008
"37" "TCU" 22 0 3 17 3.05 952 2012
"37" "Texas Tech" 21 0 1 12 2.67 719 2005
"37" "Utah" 19 0 2 14 2.95 853 2011
"37" "West Virginia" 33 0 2 6 2.3 1245 2002
"38" "Arizona State" 23 0 3 15 2.91 944 2012
"38" "Boston College" 23 0 4 9 2.74 834 2011
"38" "Kansas" 25 0 1 16 2.72 762 2006
"38" "Kansas State" 33 0 3 16 2.67 873 2007
"38" "Maryland" 18 0 6 8 3.11 976 2008
"38" "Mississippi" 23 0 2 14 2.78 1287 2003
"38" "Mississippi State" 26 0 5 14 2.92 1032 2010
"38" "Oregon State" 25 0 1 21 2.92 1500 2013
"38" "Pittsburgh" 24 0 1 11 2.54 694 2005
"38" "Purdue" 27 0 2 11 2.48 1243 2002
"38" "Rutgers" 23 0 4 15 3 981 2009
"38" "South Carolina" 29 0 3 11 2.59 1382 2004
"39" "Alabama" 27 0 4 16 2.89 1366 2004
"39" "Arizona" 23 0 5 12 2.96 974 2008
"39" "Baylor" 23 0 4 17 3.09 1025 2010
"39" "Iowa" 21 0 2 11 2.71 735 2006
"39" "Kansas" 26 0 2 14 2.69 1283 2003
"39" "Michigan State" 18 0 3 14 3.11 1478 2013
"39" "Minnesota" 20 0 3 15 3.05 974 2009
"39" "Mississippi State" 34 0 4 13 2.62 871 2007
"39" "Missouri" 23 0 1 17 2.83 662 2005
"39" "Oregon State" 23 0 2 16 2.87 917 2012
"39" "Pittsburgh" 24 0 4 7 2.63 1238 2002
"39" "UCF" 29 0 3 19 2.86 778 2011
"4" "Auburn" 32 3 13 13 3.5 2485 2010
"4" "Florida" 29 2 14 12 3.59 2792 2013
"4" "Florida State" 23 6 14 2 4.09 2415 2002
"4" "Florida State" 27 1 16 8 3.59 2377 2004
"4" "Georgia" 28 2 14 12 3.64 2436 2006
"4" "LSU" 26 2 19 5 3.88 2695 2007
"4" "Ohio State" 20 4 9 7 3.85 2481 2008
"4" "Ohio State" 25 2 14 9 3.72 2382 2012
"4" "Oklahoma" 24 0 16 6 3.58 2121 2003
"4" "Tennessee" 27 1 16 9 3.63 2403 2005
"4" "USC" 19 4 11 2 3.89 2410 2009
"4" "USC" 30 1 14 13 3.47 2315 2011
"40" "Brigham Young" 27 0 3 15 2.78 997 2010
"40" "Kansas" 20 0 2 18 3.1 899 2008
"40" "Mississippi" 19 0 2 14 2.95 907 2012
"40" "Missouri" 20 0 1 18 3 1462 2013
"40" "Missouri" 25 1 1 15 2.8 970 2009
"40" "Nebraska" 18 1 5 8 3.17 1233 2002
"40" "Notre Dame" 15 0 2 11 3 661 2005
"40" "Texas Tech" 26 1 4 7 2.69 1365 2004
"40" "UCLA" 11 0 6 4 3.27 848 2007
"40" "Wisconsin" 20 0 3 15 3.05 767 2011
"40" "Wisconsin" 22 1 3 10 2.82 1278 2003
"40" "Wisconsin" 23 0 3 10 2.7 672 2006
"41" "Georgia Tech" 22 0 1 18 2.91 759 2011
"41" "Illinois" 23 0 2 13 2.74 1215 2002
"41" "Kentucky" 29 0 3 16 2.69 958 2009
"41" "Louisville" 17 1 2 11 3.06 845 2007
"41" "Michigan State" 18 0 3 14 3.11 876 2012
"41" "Michigan State" 30 0 6 16 2.93 1347 2004
"41" "North Carolina" 17 0 2 15 3.12 1460 2013
"41" "Ohio State" 16 0 7 8 3.38 1267 2003
"41" "Oregon State" 33 0 2 14 2.36 650 2006
"41" "Stanford" 16 0 4 5 2.81 640 2005
"41" "Texas Tech" 25 0 5 15 3 986 2010
"41" "Wisconsin" 24 0 3 14 2.83 829 2008
"42" "California" 20 0 6 8 2.9 931 2009
"42" "Illinois" 27 0 1 21 2.85 711 2011
"42" "Iowa" 21 0 4 13 3 977 2010
"42" "Louisville" 22 0 3 16 3 873 2012
"42" "Michigan State" 23 0 3 12 2.7 808 2007
"42" "Nebraska" 19 0 4 12 3.05 1230 2003
"42" "North Carolina" 24 0 1 13 2.63 1210 2002
"42" "Oklahoma State" 21 1 0 13 2.76 628 2005
"42" "Penn State" 17 1 3 8 3 1456 2013
"42" "Rutgers" 26 0 2 10 2.54 648 2006
"42" "Washington" 23 1 3 9 2.78 1320 2004
"42" "West Virginia" 27 0 3 10 2.52 757 2008
"43" "Boston College" 17 0 5 11 3.24 1191 2002
"43" "Colorado" 25 0 1 15 2.68 613 2005
"43" "Georgia Tech" 18 0 5 11 3.17 950 2010
"43" "Indiana" 22 0 4 13 2.95 1455 2013
"43" "Iowa" 21 0 3 11 2.81 1190 2003
"43" "Iowa" 24 0 4 15 2.96 853 2012
"43" "Kansas State" 30 0 2 11 2.5 647 2006
"43" "Maryland" 21 0 1 15 2.81 692 2011
"43" "Penn State" 14 0 4 6 3 700 2008
"43" "Texas A&M" 19 0 4 11 2.89 795 2007
"43" "UCLA" 26 0 1 14 2.62 1307 2004
"43" "Utah" 23 0 1 20 2.96 1455 2013
"43" "Wisconsin" 21 0 5 11 3 923 2009
"44" "Arizona" 18 0 4 9 2.72 792 2007
"44" "Mississippi State" 22 0 1 21 3.05 673 2011
"44" "Mississippi State" 27 0 4 7 2.56 686 2008
"44" "North Carolina" 23 0 3 18 3.04 813 2012
"44" "North Carolina" 24 0 1 10 2.5 594 2005
"44" "North Carolina" 25 0 3 10 2.56 1301 2004
"44" "Oregon State" 18 0 4 12 3.11 924 2010
"44" "Syracuse" 25 0 2 11 2.52 1190 2002
"44" "Texas Tech" 25 0 2 11 2.6 1150 2003
"44" "Utah" 25 1 2 14 2.84 886 2009
"44" "Virginia" 23 0 3 8 2.52 604 2006
"45" "Arizona" 24 0 3 17 2.96 830 2009
"45" "Arizona State" 24 0 2 13 2.63 783 2007
"45" "Baylor" 24 0 3 18 3 810 2012
"45" "Houston" 27 0 2 18 2.81 835 2010
"45" "Louisville" 27 0 4 8 2.59 541 2005
"45" "Mississippi" 25 0 3 11 2.6 1296 2004
"45" "Rutgers" 22 0 1 16 2.82 1452 2013
"45" "Rutgers" 24 0 1 13 2.63 1143 2003
"45" "Texas Tech" 16 0 3 10 3 678 2008
"45" "UCLA" 16 0 3 10 3 636 2011
"45" "Virginia Tech" 21 1 3 8 2.81 1180 2002
"45" "Washington State" 24 0 1 12 2.58 596 2006
"46" "Arizona" 24 0 2 17 2.88 808 2012
"46" "Baylor" 19 0 1 16 2.95 628 2011
"46" "Boston College" 18 0 2 11 2.83 756 2007
"46" "Duke" 23 0 1 6 2.26 496 2005
"46" "Iowa State" 26 0 0 12 2.46 1120 2003
"46" "Kansas" 24 0 2 19 2.96 1440 2013
"46" "Mississippi State" 24 0 3 10 2.67 595 2006
"46" "Missouri" 25 0 5 4 2.56 1293 2004
"46" "Rutgers" 20 0 3 7 2.65 662 2008
"46" "Southern Miss" 29 0 3 4 2.34 1163 2002
"46" "TCU" 18 0 2 16 3.11 823 2010
"46" "TCU" 20 0 4 12 3 827 2009
"46" "West Virginia" 25 0 0 13 2.52 1120 2003
"47" "Boston College" 21 0 2 14 2.86 815 2010
"47" "Illinois" 25 0 2 14 2.72 1425 2013
"47" "Maryland" 22 0 6 10 3 1261 2004
"47" "Michigan State" 21 0 1 13 2.71 623 2008
"47" "Missouri" 25 0 1 13 2.52 564 2006
"47" "North Carolina State" 23 0 0 19 2.83 1425 2013
"47" "Oregon State" 20 0 2 8 2.6 493 2005
"47" "Oregon State" 35 0 2 16 2.51 690 2007
"47" "Pittsburgh" 16 0 4 10 3.13 795 2012
"47" "Pittsburgh" 20 0 4 11 2.95 804 2009
"47" "Rutgers" 24 0 4 6 2.58 1150 2002
"47" "West Virginia" 22 0 3 15 2.95 624 2011
"48" "Colorado" 19 0 4 8 2.84 744 2009
"48" "Colorado" 22 0 0 14 2.64 520 2006
"48" "Iowa State" 29 0 1 10 2.38 1211 2004
"48" "Kansas" 26 0 1 15 2.65 435 2005
"48" "Louisville" 28 0 3 18 2.86 778 2010
"48" "Missouri" 17 0 1 16 3.06 607 2011
"48" "San Diego State" 28 0 2 4 2.29 1103 2003
"48" "Syracuse" 26 0 4 6 2.54 621 2008
"48" "Syracuse" 27 0 1 13 2.56 679 2007
"48" "Texas Tech" 26 0 2 9 2.42 1145 2002
"48" "West Virginia" 28 0 1 24 2.93 787 2012
"49" "Alabama" 17 0 4 10 3.06 1102 2003
"49" "Arizona" 29 0 1 10 2.38 1210 2004
"49" "Arkansas" 25 0 3 18 2.96 766 2010
"49" "Boston College" 16 0 2 9 2.81 434 2005
"49" "Cincinnati" 24 0 1 20 2.92 605 2011
"49" "Georgia Tech" 20 0 1 11 2.65 581 2008
"49" "Georgia Tech" 21 0 1 17 2.9 732 2009
"49" "North Carolina State" 25 0 2 12 2.64 565 2007
"49" "Oregon" 21 0 1 12 2.67 515 2006
"49" "Oregon" 23 2 2 3 2.57 1123 2002
"49" "South Florida" 20 0 2 16 3 780 2012
"49" "South Florida" 23 0 2 16 2.87 1410 2013
"5" "Alabama" 26 1 15 9 3.62 2308 2010
"5" "Florida State" 26 1 16 7 3.62 2353 2004
"5" "Georgia" 26 2 12 11 3.58 2309 2011
"5" "Miami (FL)" 24 3 10 10 3.63 2067 2003
"5" "Miami (FL)" 33 2 15 8 3.33 2467 2008
"5" "Michigan" 27 1 16 9 3.63 2661 2013
"5" "Nebraska" 30 2 11 12 3.33 2178 2005
"5" "Ohio State" 26 3 14 8 3.65 2342 2002
"5" "Stanford" 22 3 10 9 3.73 2297 2012
"5" "Texas" 20 3 11 6 3.85 2375 2009
"5" "Texas" 24 2 16 5 3.79 2562 2007
"5" "Texas" 25 2 11 12 3.6 2283 2006
"50" "Brigham Young" 21 0 2 14 2.86 640 2009
"50" "Cincinnati" 29 0 0 25 2.86 756 2012
"50" "Georgia Tech" 21 0 2 10 2.67 1096 2003
"50" "Houston" 25 0 0 17 2.68 1365 2013
"50" "Kansas" 23 0 1 13 2.57 491 2007
"50" "Kentucky" 26 0 1 18 2.77 742 2010
"50" "Purdue" 27 0 1 10 2.3 490 2006
"50" "South Florida" 21 0 1 7 2.43 417 2005
"50" "Southern Methodist" 27 0 1 20 2.81 504 2011
"50" "Stanford" 17 0 2 8 2.71 502 2008
"50" "Syracuse" 32 0 0 9 2.28 1195 2004
"50" "Wisconsin" 25 0 1 10 2.48 1120 2002
"51" "Baylor" 22 0 1 8 2.45 453 2008
"51" "California" 19 0 6 6 2.95 1193 2004
"51" "Duke" 27 0 2 13 2.63 634 2009
"51" "Illinois" 21 0 3 6 2.57 385 2005
"51" "Iowa" 22 0 2 9 2.59 1100 2002
"51" "Iowa State" 23 0 0 15 2.65 478 2011
"51" "Minnesota" 25 0 2 18 2.88 702 2010
"51" "North Carolina State" 21 0 0 10 2.48 478 2006
"51" "Oregon State" 23 0 0 13 2.57 1075 2003
"51" "Penn State" 19 0 2 11 2.79 708 2012
"51" "Stanford" 19 0 1 10 2.63 480 2007
"51" "Texas Tech" 23 0 1 12 2.61 1344 2013
"52" "Duke" 20 0 1 10 2.6 621 2012
"52" "Fresno State" 21 0 1 15 2.81 630 2010
"52" "Kentucky" 28 0 1 10 2.36 1185 2004
"52" "Louisville" 17 0 2 13 3 1342 2013
"52" "Minnesota" 24 0 0 19 2.79 468 2011
"52" "North Carolina State" 27 0 1 19 2.78 618 2009
"52" "Northwestern" 20 0 0 10 2.5 382 2005
"52" "Oregon State" 18 1 0 10 2.72 450 2008
"52" "Oregon State" 21 0 3 9 2.71 1075 2002
"52" "Syracuse" 24 0 2 6 2.42 451 2006
"52" "Texas Tech" 26 0 1 17 2.73 469 2007
"52" "UCF" 26 0 0 9 2.35 1055 2003
"52" "Washington State" 20 0 0 10 2.5 382 2005
"53" "Boise State" 19 0 0 11 2.58 453 2011
"53" "Boston College" 20 1 1 11 2.8 1168 2004
"53" "Fresno State" 27 0 2 3 2.26 1045 2002
"53" "Iowa" 21 0 0 17 2.81 1335 2013
"53" "Iowa" 24 0 0 13 2.54 428 2008
"53" "North Carolina State" 22 0 0 17 2.77 618 2012
"53" "Northwestern" 19 0 0 14 2.74 459 2007
"53" "Northwestern" 19 0 1 15 2.89 1335 2013
"53" "Southern Miss" 22 0 3 15 2.95 610 2009
"53" "Southern Miss" 26 0 2 19 2.88 629 2010
"53" "Syracuse" 23 0 1 9 2.48 1045 2003
"53" "Washington State" 22 0 1 16 2.82 1335 2013
"53" "West Virginia" 16 0 0 10 2.63 431 2006
"54" "Boise State" 22 0 0 13 2.59 605 2012
"54" "Kansas State" 26 0 5 11 2.81 1162 2004
"54" "Kentucky" 29 0 1 9 2.31 452 2007
"54" "Marshall" 29 0 0 18 2.62 451 2011
"54" "Oregon State" 24 0 1 13 2.63 595 2009
"54" "Purdue" 24 0 1 13 2.63 564 2010
"54" "South Florida" 24 0 2 9 2.46 391 2008
"54" "Stanford" 16 1 4 6 3.06 1040 2002
"54" "Stanford" 18 0 0 10 2.44 409 2006
"54" "TCU" 21 0 1 6 2.38 349 2005
"54" "UNLV" 28 0 1 5 2.25 1043 2003
"55" "Arizona" 21 0 1 15 2.81 435 2011
"55" "Arizona State" 22 0 1 12 2.64 1147 2004
"55" "Baylor" 28 0 3 14 2.71 590 2009
"55" "Kansas" 18 0 2 12 2.89 555 2010
"55" "Louisville" 22 0 1 11 2.59 378 2008
"55" "Minnesota" 18 0 1 10 2.67 335 2005
"55" "Minnesota" 28 0 0 7 2.25 1035 2002
"55" "Oregon State" 24 0 1 15 2.71 435 2011
"55" "Southern Miss" 32 0 1 7 2.16 439 2007
"55" "Temple" 28 0 1 4 2.21 1026 2003
"55" "Utah" 25 0 1 9 2.44 406 2006
"55" "Washington State" 27 0 2 15 2.7 602 2012
"56" "Brigham Young" 26 0 1 10 2.46 427 2007
"56" "Duke" 26 0 1 8 2.38 400 2006
"56" "Georgia Tech" 17 0 2 13 3 587 2012
"56" "Louisiana-Lafayette" 31 0 0 4 2.13 1015 2003
"56" "Purdue" 23 0 1 15 2.74 1294 2013
"56" "Syracuse" 20 0 1 6 2.4 290 2005
"56" "Tulsa" 25 0 1 14 2.64 512 2009
"56" "UCF" 18 0 0 11 2.61 317 2008
"56" "UCF" 21 0 3 7 2.62 1033 2002
"56" "UCF" 22 0 2 12 2.73 515 2010
"56" "Virginia Tech" 20 0 4 8 2.8 1115 2004
"56" "Wisconsin" 12 0 3 7 3.08 587 2012
"57" "Arizona State" 14 0 2 7 2.64 413 2011
"57" "Georgia Tech" 16 0 1 9 2.69 372 2006
"57" "Houston" 27 0 1 10 2.15 1030 2002
"57" "Kentucky" 20 0 1 8 2.5 315 2008
"57" "Memphis" 27 0 1 13 2.48 511 2010
"57" "Minnesota" 24 0 1 9 2.46 406 2007
"57" "San Diego State" 27 0 2 11 2.56 286 2005
"57" "South Florida" 25 0 2 7 2.36 1110 2004
"57" "Troy" 40 0 2 10 2.35 500 2009
"57" "Wake Forest" 23 0 0 12 2.52 1010 2003
"57" "Wisconsin" 17 0 3 11 3 1268 2013
"58" "Colorado State" 27 0 1 13 2.56 491 2010
"58" "Fresno State" 23 0 0 10 2.43 314 2008
"58" "Iowa State" 25 0 1 12 2.56 1245 2013
"58" "Iowa State" 25 0 2 9 2.52 277 2005
"58" "Kansas" 22 0 1 10 2.45 1005 2002
"58" "Kansas State" 21 0 1 14 2.76 580 2012
"58" "Marshall" 22 0 3 8 2.64 1245 2013
"58" "Middle Tennessee" 30 0 0 5 2.17 1005 2003
"58" "Nebraska" 20 0 2 11 2.55 1109 2004
"58" "Northwestern" 18 0 1 10 2.67 471 2009
"58" "Pittsburgh" 20 0 2 10 2.7 385 2011
"58" "South Florida" 27 1 0 10 2.48 381 2007
"58" "Southern Miss" 28 0 0 8 2.29 326 2006
"58" "Wake Forest" 17 0 0 8 2.47 314 2008
"58" "Wake Forest" 23 0 0 16 2.7 1245 2013
"59" "Baylor" 20 0 1 5 2.35 264 2005
"59" "Cincinnati" 22 0 1 10 2.55 490 2010
"59" "Houston" 24 0 1 16 2.75 531 2012
"59" "Indiana" 19 0 0 13 2.68 455 2009
"59" "Indiana" 21 0 1 12 2.67 384 2011
"59" "Indiana" 26 0 0 8 2.31 990 2003
"59" "Louisville" 23 0 2 5 2.39 970 2002
"59" "North Carolina State" 18 1 3 7 2.89 1097 2004
"59" "Purdue" 19 0 1 11 2.68 371 2007
"59" "South Florida" 28 0 1 8 2.36 315 2006
"59" "Utah" 24 0 1 5 2.29 264 2005
"6" "Auburn" 33 1 11 16 3.21 2296 2002
"6" "Florida State" 19 3 10 5 3.79 2263 2012
"6" "Georgia" 19 1 14 4 3.84 2179 2009
"6" "Georgia" 25 2 8 13 3.4 1947 2003
"6" "LSU" 22 3 9 9 3.64 2224 2011
"6" "LSU" 26 2 15 9 3.73 2643 2013
"6" "LSU" 29 1 15 13 3.59 2255 2010
"6" "Miami (FL)" 28 3 10 9 3.36 2329 2004
"6" "Michigan" 23 1 10 11 3.48 1995 2005
"6" "Oklahoma" 21 3 12 5 3.81 2422 2008
"6" "Penn State" 24 1 14 8 3.63 2241 2006
"6" "South Carolina" 31 1 14 13 3.42 2190 2007
"60" "Cincinnati" 25 0 2 8 2.48 430 2009
"60" "Iowa State" 25 0 1 9 2.44 343 2007
"60" "Iowa State" 28 0 2 16 2.71 472 2010
"60" "Kansas State" 16 0 4 8 3 989 2003
"60" "Memphis" 24 0 2 4 2.33 965 2002
"60" "Northwestern" 21 0 2 12 2.76 525 2012
"60" "San Diego State" 23 0 0 13 2.57 365 2011
"60" "TCU" 18 0 0 10 2.56 299 2006
"60" "Utah" 15 0 1 9 2.73 297 2008
"60" "Wisconsin" 23 0 1 9 2.48 1092 2004
"61" "Brigham Young" 15 0 2 9 2.87 514 2012
"61" "Clemson" 27 0 1 7 2.33 1085 2004
"61" "Colorado State" 27 0 1 2 2.15 945 2002
"61" "Houston" 25 0 1 11 2.52 378 2009
"61" "Kentucky" 24 0 1 21 2.96 357 2011
"61" "Minnesota" 19 0 0 14 2.74 1215 2013
"61" "Minnesota" 22 0 0 9 2.23 297 2006
"61" "South Florida" 28 0 0 5 2.18 985 2003
"61" "Tulsa" 22 0 0 7 2.32 262 2005
"61" "UCF" 29 0 1 7 2.31 298 2007
"61" "Vanderbilt" 24 0 1 17 2.79 469 2010
"61" "Virginia" 18 0 1 7 2.5 284 2008
"62" "Baylor" 25 0 1 7 2.12 940 2002
"62" "Boise State" 22 0 0 13 2.59 1200 2013
"62" "Brigham Young" 19 0 1 9 2.58 325 2011
"62" "Georgia Tech" 19 0 0 7 2.37 255 2005
"62" "Iowa State" 24 0 1 6 2.33 281 2008
"62" "Kent State" 23 0 1 5 2.22 357 2009
"62" "Kentucky" 26 0 1 21 2.88 504 2012
"62" "Oklahoma State" 19 0 3 7 2.68 1066 2004
"62" "South Florida" 20 0 2 13 2.85 464 2010
"62" "Southern Methodist" 23 0 0 10 2.43 980 2003
"62" "Vanderbilt" 25 0 0 6 2.24 292 2006
"62" "Washington State" 27 0 1 14 2.44 280 2007
"63" "Boston College" 16 0 2 8 2.75 468 2012
"63" "Brigham Young" 16 0 1 3 2.31 254 2005
"63" "Georgia Tech" 16 0 3 8 2.88 920 2002
"63" "Iowa" 19 0 2 5 2.47 343 2009
"63" "Iowa State" 30 0 0 15 2.5 285 2006
"63" "Kansas State" 17 0 2 12 2.94 458 2010
"63" "Kentucky" 21 0 1 8 2.48 965 2003
"63" "Purdue" 26 0 1 10 2.38 278 2008
"63" "San Diego State" 22 0 0 8 2.27 279 2007
"63" "South Florida" 21 0 1 16 2.86 322 2011
"63" "Stanford" 12 0 4 8 3.33 1176 2013
"63" "West Virginia" 24 0 2 7 2.38 1061 2004
"64" "Akron" 24 0 0 4 2.17 265 2006
"64" "Baylor" 29 0 1 12 2.34 274 2007
"64" "Boise State" 16 0 1 5 2.44 235 2005
"64" "California" 21 0 3 3 2.43 910 2002
"64" "Colorado State" 27 0 0 11 2.41 310 2011
"64" "Connecticut" 25 0 0 12 2.48 1155 2013
"64" "Illinois" 19 0 0 14 2.74 459 2012
"64" "Middle Tennessee" 25 0 1 6 2.32 272 2008
"64" "Rutgers" 24 0 2 14 2.75 454 2010
"64" "UAB" 30 0 0 2 2.07 940 2003
"64" "Virginia" 19 0 3 8 2.74 1059 2004
"64" "Wake Forest" 23 0 0 11 2.48 331 2009
"65" "Arkansas State" 29 0 1 0 2.07 930 2003
"65" "Brigham Young" 28 0 0 8 2.29 1040 2004
"65" "Connecticut" 29 0 1 5 2.24 272 2007
"65" "Duke" 17 0 0 7 2.41 241 2008
"65" "Fresno State" 29 0 0 10 2.34 1110 2013
"65" "Hawaii" 28 0 0 11 2.39 404 2010
"65" "Kansas State" 19 0 2 9 2.72 1110 2013
"65" "Memphis" 29 0 0 17 2.59 309 2011
"65" "Middle Tennessee" 25 0 2 5 1.96 890 2002
"65" "Northwestern" 22 0 1 6 2.27 890 2002
"65" "Syracuse" 21 0 0 13 2.62 437 2012
"65" "UAB" 24 0 1 11 2.54 262 2006
"65" "UAB" 28 0 0 13 2.18 317 2009
"65" "Wake Forest" 19 0 0 5 2.26 221 2005
"65" "Western Michigan" 25 0 1 1 2.12 241 2008
"66" "Colorado" 22 0 0 15 2.68 399 2010
"66" "Indiana" 25 0 0 18 2.72 436 2012
"66" "Marshall" 26 0 0 8 2.15 271 2007
"66" "Marshall" 30 0 0 4 2.13 240 2006
"66" "Michigan State" 19 0 1 10 2.63 925 2003
"66" "San Diego State" 23 0 2 5 2.39 1033 2004
"66" "Toledo" 20 0 1 7 2.45 298 2011
"66" "UCF" 24 0 1 8 2.42 315 2009
"66" "Washington" 13 0 2 3 2.54 216 2005
"67" "Brigham Young" 26 0 0 5 2.19 228 2006
"67" "Cincinnati" 24 0 0 6 2.25 230 2008
"67" "Clemson" 17 0 2 10 2.82 923 2003
"67" "Colorado" 19 0 0 13 2.68 1095 2013
"67" "Duke" 20 0 0 11 2.55 1095 2013
"67" "East Carolina" 26 0 1 8 2.38 295 2011
"67" "Hawaii" 22 1 1 2 2.32 883 2002
"67" "Iowa" 21 1 1 7 2.48 1019 2004
"67" "Kentucky" 26 0 0 4 2.15 211 2005
"67" "Marshall" 21 0 1 10 2.57 427 2012
"67" "Memphis" 21 0 1 8 2.48 305 2009
"67" "Vanderbilt" 14 0 1 5 2.5 270 2007
"67" "Virginia" 18 0 1 12 2.78 392 2010
"68" "Arkansas State" 29 0 0 17 2.59 420 2012
"68" "Baylor" 29 0 0 10 2.34 226 2006
"68" "Boise State" 29 0 0 7 2.24 262 2007
"68" "Duke" 22 0 1 4 2.27 845 2002
"68" "Houston" 24 0 0 7 2.29 920 2003
"68" "Kansas State" 25 0 0 17 2.68 291 2011
"68" "Rutgers" 22 0 1 5 2.32 191 2005
"68" "Toledo" 24 0 0 5 2.13 221 2008
"68" "Toledo" 27 0 1 13 2.56 388 2010
"68" "Washington" 19 0 1 15 2.89 286 2009
"68" "Washington" 23 1 3 9 2.78 1011 2004
"69" "Akron" 24 0 1 6 2.33 281 2009
"69" "Arkansas State" 24 0 1 0 2.08 780 2002
"69" "East Carolina" 27 0 0 4 2.15 205 2006
"69" "Idaho" 25 0 0 1 2.04 780 2002
"69" "Marshall" 21 0 0 8 2.38 202 2008
"69" "Middle Tennessee" 30 0 1 3 2.17 1010 2004
"69" "Northwestern" 22 0 0 8 2.36 910 2003
"69" "Southern Methodist" 25 0 0 1 2.04 780 2002
"69" "TCU" 21 0 1 6 2.38 910 2003
"69" "Toledo" 19 0 0 6 2.32 238 2007
"69" "Toledo" 23 0 0 8 2.35 1080 2013
"69" "Troy" 33 0 0 8 2.24 202 2008
"69" "UAB" 27 0 1 3 2.19 176 2005
"69" "Wake Forest" 14 0 0 11 2.79 288 2011
"69" "Wake Forest" 19 0 0 16 2.84 409 2012
"69" "Wake Forest" 19 0 1 12 2.74 377 2010
"7" "Auburn" 24 1 13 10 3.63 2194 2011
"7" "Auburn" 30 0 13 15 3.37 2013 2007
"7" "Florida State" 21 2 10 8 3.62 2154 2009
"7" "Georgia" 24 2 13 8 3.67 2321 2008
"7" "LSU" 26 2 12 11 3.5 2219 2006
"7" "Miami (FL)" 17 2 11 3 3.82 1976 2005
"7" "Miami (FL)" 28 3 10 9 3.36 2237 2004
"7" "Michigan" 25 2 10 13 3.56 2132 2012
"7" "Mississippi" 27 3 9 15 3.56 2496 2013
"7" "North Carolina State" 28 1 6 17 3.14 1889 2003
"7" "Oklahoma" 24 3 13 8 3.79 2244 2002
"7" "Oklahoma" 29 0 16 13 3.55 2213 2010
"70" "Boise State" 18 0 0 3 2.17 180 2006
"70" "Boston College" 17 0 1 6 2.47 260 2009
"70" "Brigham Young" 29 0 1 7 2.31 1065 2013
"70" "Cincinnati" 20 0 0 12 2.6 1065 2013
"70" "East Carolina" 26 0 0 4 2.15 211 2007
"70" "Illinois" 21 0 1 11 2.62 367 2010
"70" "Illinois" 24 0 1 5 2.29 980 2004
"70" "Southern Methodist" 22 0 0 7 2.32 1065 2013
"70" "Southern Miss" 27 0 1 12 2.52 407 2012
"70" "Troy" 32 0 1 1 2.09 158 2005
"70" "Vanderbilt" 21 0 0 15 2.71 285 2011
"71" "Colorado State" 23 0 0 8 2.35 900 2003
"71" "Connecticut" 22 0 0 3 2.14 194 2008
"71" "Marshall" 27 0 1 8 2.37 315 2010
"71" "Memphis" 26 0 0 11 2.42 341 2012
"71" "Ohio" 21 0 0 3 1.95 170 2006
"71" "Purdue" 27 0 3 13 2.7 962 2004
"71" "UCF" 25 0 0 4 2.16 154 2005
"71" "Utah" 25 0 0 8 2.32 202 2007
"71" "Vanderbilt" 18 0 0 13 2.72 251 2009
"71" "Wyoming" 24 0 0 8 2.33 279 2011
"72" "Boise State" 21 0 0 11 2.52 238 2009
"72" "Duke" 20 0 0 10 2.5 314 2010
"72" "East Carolina" 28 0 0 5 2.18 955 2004
"72" "Hawaii" 23 0 0 7 2.3 190 2008
"72" "Indiana" 24 0 0 3 2.13 143 2005
"72" "Louisiana-Lafayette" 24 0 0 3 2.13 143 2005
"72" "Memphis" 22 0 1 5 2.32 895 2003
"72" "Minnesota" 27 0 0 19 2.7 333 2012
"72" "Nevada" 23 0 1 1 2.09 765 2002
"72" "New Mexico" 25 0 0 3 2.12 143 2005
"72" "Troy" 32 0 1 5 2.22 201 2007
"72" "UCF" 21 0 0 6 2.29 159 2006
"72" "Washington State" 27 0 1 12 2.52 274 2011
"73" "Auburn" 27 0 4 10 2.67 954 2004
"73" "East Carolina" 19 0 0 11 2.58 324 2012
"73" "Hawaii" 19 0 0 8 2.42 197 2007
"73" "Houston" 22 0 0 16 2.73 262 2011
"73" "Iowa State" 23 0 1 10 2.52 236 2009
"73" "Kent State" 30 0 0 0 2 880 2003
"73" "Memphis" 17 0 0 2 2.12 155 2006
"73" "Northwestern" 20 0 0 6 2.3 178 2008
"73" "San Diego State" 27 0 1 15 2.63 310 2010
"73" "San Jose State" 28 0 0 2 2.07 880 2003
"73" "Southern Miss" 25 0 0 7 2.29 1035 2013
"73" "Syracuse" 19 0 0 11 2.58 1035 2013
"73" "Tulsa" 21 0 0 5 2.24 760 2002
"73" "Tulsa" 21 0 1 5 2.33 1035 2013
"73" "UCF" 18 0 0 11 2.61 1035 2013
"73" "UNLV" 26 0 1 2 2.15 155 2006
"74" "Boise State" 25 0 0 0 2 755 2002
"74" "Colorado" 19 0 0 13 2.68 256 2011
"74" "Colorado" 20 0 1 8 2.5 945 2004
"74" "Fresno State" 26 0 0 7 2.27 190 2007
"74" "Kansas" 20 0 0 15 2.75 285 2012
"74" "Louisiana Tech" 19 0 0 3 1.95 172 2008
"74" "Pittsburgh" 25 0 1 6 2.08 945 2004
"74" "Purdue" 20 0 1 8 2.5 226 2009
"74" "Tulsa" 25 0 0 17 2.68 309 2010
"74" "UNLV" 23 0 1 1 2.04 755 2002
"74" "Vanderbilt" 22 0 0 3 2.14 755 2002
"75" "Akron" 26 0 0 7 2.19 180 2007
"75" "Connecticut" 21 0 1 3 2.24 215 2009
"75" "Fresno State" 19 0 0 3 2.16 137 2005
"75" "Nevada" 25 0 1 1 2.12 855 2003
"75" "Syracuse" 26 0 0 12 2.46 250 2011
"75" "Temple" 25 0 0 7 2.28 299 2010
"75" "Tulsa" 26 0 1 5 2.19 169 2008
"75" "Wake Forest" 15 0 0 6 2.4 152 2006
"75" "Western Kentucky" 13 0 0 7 2.54 259 2012
"76" "Arkansas" 30 0 3 14 2.67 938 2004
"76" "Baylor" 23 0 0 6 2.22 850 2003
"76" "Duke" 20 0 0 11 2.55 238 2011
"76" "Kent State" 22 0 1 2 2.18 163 2008
"76" "Louisiana Tech" 26 0 0 9 2.35 214 2009
"76" "Louisville" 26 0 1 8 2.31 214 2009
"76" "Miami (OH)" 23 0 0 4 2.17 154 2007
"76" "Middle Tennessee" 25 0 0 2 2.08 131 2005
"76" "Southern Methodist" 26 0 0 16 2.62 297 2010
"76" "Temple" 29 0 0 5 2.17 228 2012
"76" "Troy" 25 0 1 1 2.12 150 2006
"76" "Utah" 25 0 1 4 2.24 938 2004
"77" "Arkansas State" 27 0 0 3 2.04 143 2007
"77" "Ball State" 23 0 0 3 2.13 143 2006
"77" "Connecticut" 23 0 0 9 2.39 214 2012
"77" "Louisiana-Lafayette" 23 0 0 7 2.32 975 2013
"77" "Louisiana Tech" 29 0 0 3 2.03 143 2006
"77" "New Mexico" 25 0 0 3 2.08 835 2003
"77" "Northwestern" 17 0 0 16 2.94 281 2010
"77" "San Diego State" 21 0 0 4 2.19 154 2008
"77" "San Diego State" 23 0 0 8 2.35 975 2013
"77" "Toledo" 27 0 0 9 2.33 214 2012
"77" "Utah" 21 0 0 4 2.19 735 2002
"77" "Utah State" 25 0 0 8 2.32 191 2011
"77" "Wake Forest" 20 0 1 4 2.1 735 2002
"77" "Wyoming" 19 0 0 2 2.11 125 2005
"78" "California" 18 0 6 6 3 935 2004
"78" "Duke" 21 0 0 4 2.19 138 2007
"78" "Hawaii" 27 0 0 9 2.26 190 2011
"78" "Indiana" 20 0 0 5 2.15 152 2008
"78" "Marshall" 19 0 0 1 2.05 113 2005
"78" "Northern Illinois" 22 0 0 7 2.32 190 2011
"78" "Rice" 24 0 0 3 2.13 205 2009
"78" "Syracuse" 29 0 1 11 2.38 277 2010
"78" "Vanderbilt" 22 0 1 3 2.23 820 2003
"79" "Ball State" 26 0 0 2 2 131 2007
"79" "Bowling Green" 23 0 0 4 2.17 810 2003
"79" "Connecticut" 26 0 0 7 2.27 95 2005
"79" "East Carolina" 21 0 0 11 2.52 251 2010
"79" "FIU" 23 0 1 5 2.22 191 2009
"79" "Georgia Tech" 24 0 1 3 2.21 932 2004
"79" "Louisiana Tech" 21 0 0 7 2.35 960 2013
"79" "Nevada" 22 0 0 3 2.14 143 2008
"79" "Ohio" 19 0 0 8 2.42 197 2012
"79" "Rice" 24 0 0 3 2.13 810 2003
"79" "San Jose State" 15 0 4 1 2.6 730 2002
"79" "Southern Miss" 23 0 0 7 2.3 95 2005
"79" "Southern Miss" 24 0 0 3 2.13 810 2003
"79" "TCU" 17 0 2 3 2.41 730 2002
"79" "Temple" 27 0 0 3 1.89 135 2006
"8" "Auburn" 23 2 9 12 3.57 2384 2013
"8" "Clemson" 29 4 6 15 3.34 2173 2011
"8" "Miami (FL)" 24 2 15 6 3.75 2228 2002
"8" "Michigan" 22 1 12 8 3.59 2116 2004
"8" "Michigan" 22 1 13 6 3.59 2124 2009
"8" "Notre Dame" 18 1 12 4 3.72 1932 2007
"8" "Notre Dame" 28 2 10 15 3.46 2189 2006
"8" "South Carolina" 29 1 4 18 3 1831 2003
"8" "Texas A&M" 26 1 9 11 3.23 1839 2005
"8" "UCLA" 23 1 12 10 3.61 2105 2010
"8" "UCLA" 24 0 17 6 3.67 2384 2013
"8" "USC" 15 3 10 2 4.07 2040 2012
"8" "USC" 19 2 13 4 3.89 2312 2008
"80" "Akron" 22 0 0 4 2.18 138 2008
"80" "Buffalo" 15 0 0 2 2.13 124 2006
"80" "New Mexico" 17 0 1 5 2.41 243 2010
"80" "Southern Methodist" 26 0 1 7 2.35 190 2009
"80" "TCU" 24 0 1 11 2.54 124 2007
"80" "Tulane" 16 0 1 6 2.5 181 2012
"80" "Tulane" 22 0 0 6 2.27 945 2013
"80" "Tulsa" 26 0 0 5 2.19 925 2004
"80" "UNLV" 23 0 0 6 2.26 178 2011
"81" "Boston College" 20 1 1 11 2.8 921 2004
"81" "Buffalo" 24 0 0 0 2 725 2002
"81" "East Carolina" 21 0 0 3 2.14 135 2008
"81" "FIU" 18 0 0 2 2.11 120 2007
"81" "Indiana" 21 0 0 3 2.1 725 2002
"81" "Kent State" 21 0 0 5 2.14 214 2010
"81" "Miami (OH)" 26 0 0 6 2.23 178 2012
"81" "New Mexico" 17 0 0 7 2.41 154 2011
"81" "Northwestern" 17 0 0 4 2.24 123 2006
"81" "Southern Methodist" 26 0 0 6 2.23 90 2005
"81" "Texas State" 22 0 0 8 2.36 930 2013
"81" "UNLV" 22 0 0 8 2.36 179 2009
"81" "Western Michigan" 23 0 0 1 2.04 725 2002
"81" "Wyoming" 22 0 1 0 2.09 725 2002
"82" "Boise State" 10 0 1 6 2.8 203 2010
"82" "Colorado State" 24 0 0 7 2.29 915 2013
"82" "Fresno State" 17 0 1 3 2.29 167 2009
"82" "Kent State" 18 0 0 1 2.06 153 2011
"82" "Nevada" 23 0 0 7 2.3 169 2012
"82" "New Mexico State" 21 0 0 2 2.1 117 2007
"82" "Rice" 18 0 0 1 2.06 108 2006
"82" "Rutgers" 23 0 1 6 2.26 920 2004
"82" "Temple" 26 0 0 2 2.08 131 2008
"82" "Troy" 25 0 0 2 2.08 805 2003
"82" "UNLV" 29 0 0 5 2.17 85 2005
"83" "Akron" 23 0 0 4 2.17 80 2005
"83" "Bowling Green" 23 0 0 3 2.13 900 2013
"83" "Brigham Young" 23 0 1 10 2.52 119 2008
"83" "Colorado State" 27 0 0 4 2.15 915 2004
"83" "Connecticut" 20 0 0 9 2.45 202 2010
"83" "Fresno State" 20 0 0 7 2.35 95 2006
"83" "Hawaii" 22 0 0 4 2.18 790 2003
"83" "Louisiana Tech" 25 0 0 17 2.68 145 2011
"83" "Minnesota" 24 0 0 6 2.25 915 2004
"83" "New Mexico" 20 0 0 4 2.2 154 2009
"83" "New Mexico" 24 0 0 5 2.21 166 2012
"83" "North Texas" 24 0 0 2 2.08 790 2003
"83" "Northern Illinois" 24 0 0 4 2.17 80 2005
"83" "Northern Illinois" 25 0 0 8 2.32 202 2010
"83" "Ohio" 21 0 0 4 2.19 154 2009
"83" "UTEP" 27 0 0 8 2.3 202 2010
"83" "Western Michigan" 23 0 0 1 2.04 113 2007
"83" "Wyoming" 25 0 0 4 2.16 154 2009
"84" "FIU" 29 0 0 19 2.66 155 2012
"84" "Fresno State" 17 0 0 4 2.24 138 2011
"84" "Georgia Tech" 14 0 0 10 2.71 885 2013
"84" "Indiana" 21 0 0 5 2.24 85 2006
"84" "Miami (OH)" 18 0 0 1 2.06 108 2008
"84" "Nevada" 20 0 0 2 2 112 2007
"84" "Temple" 21 0 0 7 2.33 885 2013
"85" "Connecticut" 22 0 0 4 2.18 80 2006
"85" "East Carolina" 22 0 0 2 2 705 2002
"85" "Eastern Michigan" 25 0 0 1 2.04 107 2007
"85" "Eastern Michigan" 25 0 0 1 2.04 107 2008
"85" "Hawaii" 18 0 0 6 2.33 149 2012
"85" "Hawaii" 19 0 0 4 2.21 77 2005
"85" "Memphis" 24 0 1 3 2.21 905 2004
"85" "Southern Miss" 25 0 0 15 2.6 135 2011
"85" "Temple" 30 0 0 1 2.03 905 2004
"85" "Tulane" 22 0 0 4 2.18 780 2003
"86" "Akron" 23 0 0 0 2 700 2002
"86" "Florida Atlantic" 22 0 0 3 2.14 870 2013
"86" "Louisiana-Monroe" 23 0 0 0 2 700 2002
"86" "Navy" 18 0 0 4 2.22 144 2012
"86" "New Mexico State" 21 0 0 8 2.38 179 2010
"86" "North Carolina State" 20 0 1 13 2.75 134 2011
"86" "North Texas" 27 0 0 8 2.3 100 2008
"86" "Ohio" 23 0 0 0 1.91 96 2007
"86" "San Diego State" 18 0 0 5 2.28 79 2006
"86" "Toledo" 20 0 1 1 2.15 150 2009
"86" "Tulsa" 22 0 1 2 2.18 775 2003
"86" "Utah State" 23 0 0 3 2.13 775 2003
"86" "UTEP" 30 0 0 3 2.1 75 2005
"87" "Arkansas State" 22 0 0 2 2.09 70 2005
"87" "Boston College" 15 0 0 8 2.53 855 2013
"87" "Central Michigan" 21 0 0 4 2.19 855 2013
"87" "Colorado State" 23 0 0 3 2.13 75 2006
"87" "Houston" 26 0 0 2 2.08 70 2005
"87" "Indiana" 26 0 0 5 2.12 900 2004
"87" "Iowa State" 21 0 0 16 2.76 140 2012
"87" "Kent State" 24 0 0 2 2.08 70 2005
"87" "Memphis" 31 0 0 2 2.06 70 2005
"87" "Mississippi State" 23 0 1 4 2.26 900 2004
"87" "Nevada" 28 0 0 3 1.96 75 2006
"87" "Northwestern" 17 0 0 15 2.88 126 2011
"87" "San Jose State" 18 0 1 2 2.11 146 2009
"87" "Toledo" 23 0 0 2 2.09 70 2005
"87" "Toledo" 23 0 0 3 2.13 75 2006
"87" "UNLV" 22 0 0 7 2.32 95 2007
"87" "UTEP" 29 0 0 3 2.1 75 2006
"87" "Vanderbilt" 24 0 0 2 2.08 70 2005
"87" "Washington State" 27 0 0 6 2.15 90 2008
"87" "Western Michigan" 25 0 0 2 2.08 70 2005
"87" "Wisconsin" 24 0 0 21 2.88 160 2010
"88" "Akron" 24 0 1 4 2.25 159 2010
"88" "Central Michigan" 16 0 0 1 1.94 92 2007
"88" "Connecticut" 20 0 0 5 2.25 770 2003
"88" "Eastern Michigan" 23 0 0 0 1.83 650 2002
"88" "Memphis" 19 0 0 6 2.32 87 2008
"88" "Miami (OH)" 25 0 0 3 2.12 143 2009
"88" "New Mexico" 18 0 0 4 2.22 650 2002
"88" "Rice" 19 0 0 13 2.68 122 2011
"88" "Toledo" 22 0 0 3 2.14 770 2003
"88" "Tulsa" 20 0 0 14 2.7 130 2012
"89" "Boise State" 19 0 0 5 2.26 82 2008
"89" "Cincinnati" 23 0 0 6 2.26 90 2007
"89" "Florida Atlantic" 26 0 0 2 2.08 131 2009
"89" "Houston" 28 0 0 6 2.14 90 2007
"89" "Louisiana Tech" 22 0 0 6 2.27 90 2007
"89" "Memphis" 29 0 0 6 2.21 840 2013
"89" "Southern Methodist" 22 0 0 13 2.59 125 2012
"89" "TCU" 21 0 1 6 2.38 893 2004
"89" "Temple" 30 0 0 6 2.13 90 2007
"89" "Tulsa" 23 0 0 12 2.52 120 2011
"89" "UTEP" 23 0 0 6 2.26 90 2007
"89" "Wake Forest" 20 0 0 6 2.3 90 2007
"89" "Washington State" 28 0 4 9 2.61 893 2004
"89" "Western Kentucky" 18 0 0 5 2.28 139 2010
"89" "Western Michigan" 26 0 0 2 2 131 2009
"89" "Wyoming" 21 0 0 6 2.29 90 2007
"9" "California" 24 1 9 12 3.38 1816 2005
"9" "Florida State" 30 2 13 8 3.33 2251 2008
"9" "Georgia" 21 1 11 8 3.57 2074 2004
"9" "Georgia" 23 0 12 10 3.48 1895 2007
"9" "Miami (FL)" 33 2 8 23 3.36 1975 2012
"9" "Mississippi State" 28 2 3 18 3.07 1799 2003
"9" "North Carolina" 29 1 13 10 3.34 2084 2009
"9" "Oklahoma" 28 1 13 14 3.54 2180 2006
"9" "Oregon" 23 2 9 12 3.57 2048 2011
"9" "Tennessee" 25 1 12 9 3.44 2048 2010
"9" "UCLA" 26 2 12 11 3.58 2213 2002
"90" "Colorado State" 25 0 0 4 2.16 80 2008
"90" "FIU" 24 0 0 4 2.17 80 2008
"90" "New Mexico" 22 0 0 4 2.18 80 2008
"90" "Ohio" 20 0 0 4 2.2 80 2008
"90" "Rice" 18 0 0 4 2.22 825 2013
"90" "South Florida" 20 0 0 1 2.05 645 2002
"90" "Southern Methodist" 28 0 0 4 2.14 80 2008
"90" "UCF" 17 0 0 13 2.76 116 2012
"90" "Utah" 19 0 0 7 2.37 760 2003
"90" "Vanderbilt" 21 0 0 4 2.19 80 2008
"90" "Washington State" 26 0 0 14 2.46 130 2010
"90" "Western Kentucky" 26 0 0 11 2.42 115 2011
"90" "Western Kentucky" 32 0 0 3 2.09 825 2013
"91" "Arkansas State" 21 0 0 1 2.05 65 2006
"91" "Bowling Green" 25 0 0 1 1.96 65 2006
"91" "FIU" 24 0 0 10 2.42 110 2011
"91" "Houston" 25 0 0 1 2.04 65 2006
"91" "Idaho" 20 0 0 1 2.05 65 2006
"91" "Louisiana-Lafayette" 21 0 0 1 2.05 65 2006
"91" "Louisiana-Monroe" 25 0 0 0 2 755 2003
"91" "Miami (OH)" 22 0 0 1 2.05 65 2006
"91" "New Mexico" 26 0 0 1 2.04 65 2006
"91" "Northern Illinois" 20 0 0 0 2 610 2002
"91" "Northern Illinois" 26 0 0 3 1.96 128 2009
"91" "Notre Dame" 16 0 2 8 2.75 885 2004
"91" "Rice" 24 0 0 11 2.46 115 2012
"91" "San Jose State" 28 0 0 1 2.04 65 2006
"91" "Texas State" 24 0 0 11 2.46 115 2012
"91" "Tulane" 24 0 0 1 2.04 65 2006
"91" "Tulane" 25 0 0 4 2.16 885 2004
"91" "Tulsa" 23 0 0 1 1.96 65 2006
"91" "UAB" 27 0 0 12 2.37 120 2010
"91" "UAB" 27 0 1 0 1.26 610 2002
"91" "Utah State" 22 0 0 1 1.95 65 2006
"91" "Wyoming" 22 0 0 1 1.95 65 2006
"92" "Cincinnati" 24 0 0 1 2.04 750 2003
"92" "East Carolina" 24 0 0 6 2.25 810 2013
"92" "Hawaii" 24 0 0 4 2.17 810 2013
"92" "Hawaii" 31 0 0 12 2.39 120 2009
"92" "Indiana" 25 0 0 11 2.44 115 2010
"92" "Kansas State" 25 0 0 12 2.48 120 2009
"92" "Navy" 27 0 0 2 2.08 810 2013
"92" "Nevada" 22 0 0 5 2.23 810 2013
"92" "UAB" 25 0 0 9 2.36 105 2011
"92" "Washington State" 22 0 0 12 2.55 120 2009
"93" "Florida Atlantic" 26 0 0 10 2.38 110 2012
"93" "Louisiana Tech" 29 0 0 1 2.03 880 2004
"93" "Middle Tennessee" 20 0 0 8 2.4 100 2011
"93" "Penn State" 11 0 4 6 3.27 744 2003
"93" "Purdue" 15 0 0 11 2.73 100 2011
"93" "Troy" 34 0 0 10 2.29 110 2010
"93" "Utah State" 19 0 0 0 2 575 2002
"94" "Central Michigan" 25 0 0 1 2.04 65 2005
"94" "Cincinnati" 24 0 0 1 2.04 65 2005
"94" "FIU" 19 0 0 10 2.53 107 2010
"94" "Kentucky" 16 0 1 1 2.19 555 2002
"94" "Louisiana Tech" 19 0 0 5 2.26 735 2003
"94" "Louisiana Tech" 24 0 0 1 2.04 65 2005
"94" "Nevada" 22 0 0 1 2.05 65 2005
"94" "North Texas" 24 0 0 1 2.04 65 2005
"94" "Northern Illinois" 30 0 0 8 2.27 100 2012
"94" "Oregon State" 28 0 2 15 2.68 879 2004
"94" "Rice" 22 0 0 1 2.05 65 2005
"94" "Temple" 29 0 0 1 2.03 65 2005
"95" "Air Force" 43 0 0 7 2.16 95 2011
"95" "Arkansas State" 21 0 0 1 2.05 119 2009
"95" "Arkansas State" 23 0 0 7 2.3 95 2011
"95" "Bowling Green" 24 0 0 7 2.29 95 2011
"95" "Buffalo" 24 0 0 0 2 725 2003
"95" "Central Michigan" 18 0 0 0 2 550 2002
"95" "Idaho" 24 0 0 9 2.38 105 2010
"95" "Louisiana-Lafayette" 25 0 0 7 2.28 95 2012
"95" "Louisiana-Lafayette" 28 0 0 7 2.25 95 2011
"95" "Middle Tennessee" 20 0 0 9 2.45 105 2010
"95" "Nebraska" 18 0 2 11 2.83 866 2004
"95" "Nevada" 28 0 0 9 2.32 105 2010
"95" "San Diego State" 12 0 3 3 2.75 550 2002
"96" "Arkansas State" 28 0 0 1 2.04 865 2004
"96" "Kansas" 21 0 0 7 2.33 865 2004
"96" "Louisiana-Monroe" 21 0 0 3 2.14 75 2008
"96" "Louisiana Tech" 17 0 0 8 2.47 91 2012
"96" "Memphis" 23 0 0 5 2.22 85 2007
"96" "Middle Tennessee" 25 0 0 6 2.24 795 2013
"96" "TCU" 16 0 0 6 2.25 75 2008
"96" "Troy" 23 0 0 3 2.13 795 2013
"96" "Tulane" 25 0 0 8 2.32 100 2009
"96" "UAB" 22 0 0 2 2.1 795 2013
"96" "UTEP" 26 0 0 3 2.12 75 2008
"96" "Washington State" 16 0 1 7 2.56 715 2003
"96" "Wyoming" 22 0 0 3 2.14 75 2008
"97" "Akron" 22 0 0 1 2.05 695 2003
"97" "Central Michigan" 30 0 0 7 2.23 95 2009
"97" "East Carolina" 22 0 0 7 2.32 95 2009
"97" "Indiana" 20 0 0 5 2.15 82 2007
"97" "Marshall" 24 0 0 7 2.29 95 2009
"97" "San Diego State" 20 0 0 6 2.3 90 2012
"97" "Temple" 19 0 0 1 1.84 540 2002
"97" "UTEP" 21 0 0 7 2.33 95 2009
"98" "Fresno State" 19 0 0 4 2.21 685 2003
"98" "New Mexico State" 17 0 0 7 2.41 86 2012
"98" "North Texas" 22 0 0 8 2.36 100 2010
"98" "Southern Methodist" 23 0 0 4 2.17 80 2007
"98" "Tulane" 24 0 0 1 1.13 480 2002
"98" "Tulsa" 31 0 0 4 1.87 80 2007
"98" "Utah State" 24 0 1 2 2.17 860 2004
"99" "Boise State" 27 0 0 2 2.07 855 2004
"99" "Bowling Green" 22 0 0 1 1 415 2002
"99" "Central Michigan" 23 0 0 5 2.22 85 2012
"99" "Connecticut" 28 0 0 1 2.04 855 2004
"99" "Eastern Michigan" 24 0 0 5 2.21 85 2012
"99" "Idaho" 22 0 0 0 2 670 2003
"99" "Kent State" 25 0 0 5 2.2 85 2012
"99" "Louisiana Tech" 17 0 0 9 2.53 96 2010
"99" "New Mexico" 25 0 0 6 2.26 765 2013
"99" "North Texas" 22 0 0 5 2.23 85 2012
"99" "Ohio" 24 0 0 6 2.25 90 2011
"99" "San Jose State" 20 0 0 5 2.25 85 2012
"99" "San Jose State" 23 0 0 6 2.26 90 2011
"99" "Troy" 23 0 0 5 2.22 85 2012
"99" "UTEP" 22 0 0 5 2.23 85 2012
